Creation TS  	 Processing TS 	 TXID 	 RSSI 	SEQNO 	CAP 	XAxis 	 YAxis 	 ZAxis 	 X  	 Y   	 Z  	Weight 
----------------------------------------------------------------------------------------------------------------------------
-2041655846	 1617161014	 03376	-58.5	99   	1    	b'fff9'	b'ffe8'	b'00fb'	 -0.0273 	 -0.0936	  0.9789	       0	       0
-2041655845	 1617161015	 03376	-62.5	145  	1    	b'fff8'	b'ffe8'	b'00fb'	 -0.0312 	 -0.0936	  0.9789	       0	       0
-2041655805	 1617161015	 03376	-62.0	152  	1    	b'fff8'	b'ffe7'	b'00fb'	 -0.0312 	 -0.0975	  0.9789	       0	       0
-2041655785	 1617161015	 03376	-62.0	153  	1    	b'fffa'	b'ffe7'	b'00fd'	 -0.0234 	 -0.0975	  0.9867	       0	       0
-2041655765	 1617161015	 03376	-62.0	154  	1    	b'fffb'	b'ffe6'	b'00f9'	 -0.0195 	 -0.1014	  0.9711	       0	       0
-2041655746	 1617161015	 03376	-62.0	155  	1    	b'fffa'	b'ffe8'	b'00fc'	 -0.0234 	 -0.0936	  0.9828	       0	       0
-2041655726	 1617161015	 03376	-61.0	156  	1    	b'fff7'	b'ffe7'	b'00fc'	 -0.0351 	 -0.0975	  0.9828	       0	       0
-2041655706	 1617161015	 03376	-61.5	157  	1    	b'fff7'	b'ffe7'	b'00fc'	 -0.0351 	 -0.0975	  0.9828	       0	       0
-2041655686	 1617161015	 03376	-61.5	158  	1    	b'fff8'	b'ffe8'	b'00fc'	 -0.0312 	 -0.0936	  0.9828	       0	       0
-2041655666	 1617161015	 03376	-61.5	159  	1    	b'fffc'	b'ffe6'	b'00fa'	 -0.0156 	 -0.1014	   0.975	       0	       0
-2041655646	 1617161015	 03376	-61.5	160  	1    	b'fff7'	b'ffe8'	b'00f9'	 -0.0351 	 -0.0936	  0.9711	       0	       0
-2041655626	 1617161015	 03376	-62.0	161  	1    	b'fff9'	b'ffe7'	b'00fb'	 -0.0273 	 -0.0975	  0.9789	       0	       0
-2041655606	 1617161015	 03376	-61.0	162  	1    	b'fff6'	b'ffe9'	b'00fc'	  -0.039 	 -0.0897	  0.9828	       0	       0
-2041655586	 1617161015	 03376	-61.0	163  	1    	b'fff8'	b'ffe8'	b'00fb'	 -0.0312 	 -0.0936	  0.9789	       0	       0
-2041655566	 1617161015	 03376	-60.0	164  	1    	b'fff9'	b'ffe8'	b'00fb'	 -0.0273 	 -0.0936	  0.9789	       0	       0
-2041655546	 1617161015	 03376	-60.5	165  	1    	b'fff9'	b'ffe8'	b'00fa'	 -0.0273 	 -0.0936	   0.975	       0	       0
-2041655526	 1617161015	 03376	-59.5	166  	1    	b'fff7'	b'ffe8'	b'00fb'	 -0.0351 	 -0.0936	  0.9789	       0	       0
-2041655506	 1617161015	 03376	-59.5	167  	1    	b'fff8'	b'ffe8'	b'00fc'	 -0.0312 	 -0.0936	  0.9828	       0	       0
-2041655486	 1617161015	 03376	-59.0	168  	1    	b'fff8'	b'ffe8'	b'00fb'	 -0.0312 	 -0.0936	  0.9789	       0	       0
-2041655466	 1617161015	 03376	-59.0	169  	1    	b'fffa'	b'ffe8'	b'00fb'	 -0.0234 	 -0.0936	  0.9789	       0	       0
-2041655446	 1617161015	 03376	-58.5	170  	1    	b'fffa'	b'ffe8'	b'00fb'	 -0.0234 	 -0.0936	  0.9789	       0	       0
-2041655426	 1617161015	 03376	-58.5	171  	1    	b'fff7'	b'ffe8'	b'00fa'	 -0.0351 	 -0.0936	   0.975	       0	       0
-2041655406	 1617161015	 03376	-58.5	172  	1    	b'fffa'	b'ffe8'	b'00fb'	 -0.0234 	 -0.0936	  0.9789	       0	       0
-2041655386	 1617161015	 03376	-58.5	173  	1    	b'fff8'	b'ffe8'	b'00fb'	 -0.0312 	 -0.0936	  0.9789	       0	       0
-2041655367	 1617161015	 03376	-58.5	174  	1    	b'fffb'	b'ffe7'	b'00fb'	 -0.0195 	 -0.0975	  0.9789	       0	       0
-2041655347	 1617161015	 03376	-58.5	175  	1    	b'fffa'	b'ffe8'	b'00fa'	 -0.0234 	 -0.0936	   0.975	       0	       0
-2041655327	 1617161015	 03376	-58.5	176  	1    	b'fff9'	b'ffe9'	b'00fc'	 -0.0273 	 -0.0897	  0.9828	       0	       0
-2041655307	 1617161015	 03376	-58.5	177  	1    	b'fff8'	b'ffe8'	b'00fc'	 -0.0312 	 -0.0936	  0.9828	       0	       0
-2041655267	 1617161015	 03376	-57.5	179  	1    	b'fffa'	b'ffe8'	b'00fb'	 -0.0234 	 -0.0936	  0.9789	       0	       0
-2041655247	 1617161015	 03376	-58.5	180  	1    	b'fff9'	b'ffe8'	b'00fb'	 -0.0273 	 -0.0936	  0.9789	       0	       0
-2041655227	 1617161015	 03376	-59.0	181  	1    	b'fff7'	b'ffe7'	b'00fa'	 -0.0351 	 -0.0975	   0.975	       0	       0
-2041655207	 1617161015	 03376	-59.0	182  	1    	b'fff8'	b'ffe7'	b'00fb'	 -0.0312 	 -0.0975	  0.9789	       0	       0
-2041655187	 1617161015	 03376	-59.0	183  	1    	b'fff8'	b'ffe8'	b'00fc'	 -0.0312 	 -0.0936	  0.9828	       0	       0
-2041655167	 1617161015	 03376	-59.0	184  	1    	b'fff9'	b'ffe8'	b'00fb'	 -0.0273 	 -0.0936	  0.9789	       0	       0
-2041655147	 1617161015	 03376	-58.5	185  	1    	b'fff8'	b'ffe8'	b'00fb'	 -0.0312 	 -0.0936	  0.9789	       0	       0
-2041655127	 1617161015	 03376	-58.5	186  	1    	b'fffa'	b'ffe7'	b'00fa'	 -0.0234 	 -0.0975	   0.975	       0	       0
-2041655107	 1617161015	 03376	-58.5	187  	1    	b'fff7'	b'ffe9'	b'00fb'	 -0.0351 	 -0.0897	  0.9789	       0	       0
-2041655087	 1617161015	 03376	-58.5	188  	1    	b'fffa'	b'ffe7'	b'00fb'	 -0.0234 	 -0.0975	  0.9789	       0	       0
-2041655067	 1617161015	 03376	-59.5	189  	1    	b'fffa'	b'ffe7'	b'00fb'	 -0.0234 	 -0.0975	  0.9789	       0	       0
-2041655047	 1617161015	 03376	-58.0	190  	1    	b'fff7'	b'ffe8'	b'00fb'	 -0.0351 	 -0.0936	  0.9789	       0	       0
-2041655027	 1617161015	 03376	-59.0	191  	1    	b'fff9'	b'ffe7'	b'00fc'	 -0.0273 	 -0.0975	  0.9828	       0	       0
-2041655007	 1617161015	 03376	-58.0	192  	1    	b'fff9'	b'ffe8'	b'00fc'	 -0.0273 	 -0.0936	  0.9828	       0	       0
-2041654988	 1617161015	 03376	-59.5	193  	1    	b'fffa'	b'ffe8'	b'00fc'	 -0.0234 	 -0.0936	  0.9828	       0	       0
-2041654968	 1617161015	 03376	-59.0	194  	1    	b'fffc'	b'ffe8'	b'00fa'	 -0.0156 	 -0.0936	   0.975	       0	       0
-2041654948	 1617161015	 03376	-59.5	195  	1    	b'fff7'	b'ffe9'	b'00fb'	 -0.0351 	 -0.0897	  0.9789	       0	       0
-2041654928	 1617161015	 03376	-58.0	196  	1    	b'fff6'	b'ffe8'	b'00fa'	  -0.039 	 -0.0936	   0.975	       0	       0
-2041654908	 1617161015	 03376	-59.5	197  	1    	b'fff9'	b'ffe8'	b'00fb'	 -0.0273 	 -0.0936	  0.9789	       0	       0
-2041654888	 1617161015	 03376	-59.0	198  	1    	b'fff8'	b'ffe7'	b'00fb'	 -0.0312 	 -0.0975	  0.9789	       0	       0
-2041654868	 1617161015	 03376	-59.0	199  	1    	b'fffb'	b'ffe6'	b'00fb'	 -0.0195 	 -0.1014	  0.9789	       0	       0
-2041654848	 1617161015	 03376	-59.5	200  	1    	b'fff9'	b'ffe9'	b'00fc'	 -0.0273 	 -0.0897	  0.9828	       0	       0
-2041654828	 1617161015	 03376	-59.0	201  	1    	b'fff9'	b'ffe7'	b'00fb'	 -0.0273 	 -0.0975	  0.9789	       0	       0
-2041654808	 1617161015	 03376	-59.0	202  	1    	b'fff9'	b'ffe8'	b'00fa'	 -0.0273 	 -0.0936	   0.975	       0	       0
-2041654788	 1617161015	 03376	-59.0	203  	1    	b'fffa'	b'ffe8'	b'00fb'	 -0.0234 	 -0.0936	  0.9789	       0	       0
-2041654768	 1617161015	 03376	-58.0	204  	1    	b'fff9'	b'ffe8'	b'00fa'	 -0.0273 	 -0.0936	   0.975	       0	       0
-2041654748	 1617161015	 03376	-59.0	205  	1    	b'fff7'	b'ffe9'	b'00fb'	 -0.0351 	 -0.0897	  0.9789	       0	       0
-2041654728	 1617161015	 03376	-59.5	206  	1    	b'fff7'	b'ffe9'	b'00fc'	 -0.0351 	 -0.0897	  0.9828	       0	       0
-2041654708	 1617161015	 03376	-58.5	207  	1    	b'fff6'	b'ffe7'	b'00fc'	  -0.039 	 -0.0975	  0.9828	       0	       0
-2041654688	 1617161015	 03376	-58.0	208  	1    	b'fff7'	b'ffe7'	b'00fb'	 -0.0351 	 -0.0975	  0.9789	       0	       0
-2041654668	 1617161015	 03376	-59.5	209  	1    	b'fffe'	b'ffe8'	b'00fa'	 -0.0078 	 -0.0936	   0.975	       0	       0
-2041654648	 1617161015	 03376	-59.5	210  	1    	b'fffb'	b'ffe9'	b'00fa'	 -0.0195 	 -0.0897	   0.975	       0	       0
-2041654628	 1617161015	 03376	-58.0	211  	1    	b'fff7'	b'ffe9'	b'00fd'	 -0.0351 	 -0.0897	  0.9867	       0	       0
-2041654608	 1617161015	 03376	-58.0	212  	1    	b'fff6'	b'ffe9'	b'00fb'	  -0.039 	 -0.0897	  0.9789	       0	       0
-2041654588	 1617161016	 03376	-58.0	213  	1    	b'fff8'	b'ffe8'	b'00fb'	 -0.0312 	 -0.0936	  0.9789	       0	       0
-2041654569	 1617161016	 03376	-58.0	214  	1    	b'fff9'	b'ffe8'	b'00fa'	 -0.0273 	 -0.0936	   0.975	       0	       0
-2041654549	 1617161016	 03376	-58.0	215  	1    	b'fffb'	b'ffe7'	b'00fb'	 -0.0195 	 -0.0975	  0.9789	       0	       0
-2041654529	 1617161016	 03376	-58.0	216  	1    	b'fff7'	b'ffe7'	b'00fa'	 -0.0351 	 -0.0975	   0.975	       0	       0
-2041654509	 1617161016	 03376	-59.5	217  	1    	b'fff8'	b'ffe7'	b'00fa'	 -0.0312 	 -0.0975	   0.975	       0	       0
-2041654489	 1617161016	 03376	-59.5	218  	1    	b'fff9'	b'ffe8'	b'00fd'	 -0.0273 	 -0.0936	  0.9867	       0	       0
-2041654469	 1617161016	 03376	-59.5	219  	1    	b'fffa'	b'ffe8'	b'00fa'	 -0.0234 	 -0.0936	   0.975	       0	       0
-2041654440	 1617161016	 03376	-59.0	220  	1    	b'fff9'	b'ffe9'	b'00fb'	 -0.0273 	 -0.0897	  0.9789	       0	       0
-2041654429	 1617161016	 03376	-59.0	221  	1    	b'fffa'	b'ffe7'	b'00fb'	 -0.0234 	 -0.0975	  0.9789	       0	       0
-2041654409	 1617161016	 03376	-58.0	222  	1    	b'fff6'	b'ffe9'	b'00fb'	  -0.039 	 -0.0897	  0.9789	       0	       0
-2041654389	 1617161016	 03376	-59.0	223  	1    	b'fff8'	b'ffe8'	b'00fc'	 -0.0312 	 -0.0936	  0.9828	       0	       0
-2041654369	 1617161016	 03376	-59.0	224  	1    	b'fff9'	b'ffe9'	b'00fa'	 -0.0273 	 -0.0897	   0.975	       0	       0
-2041654349	 1617161016	 03376	-58.0	225  	1    	b'fff9'	b'ffe8'	b'00fb'	 -0.0273 	 -0.0936	  0.9789	       0	       0
-2041654329	 1617161016	 03376	-59.0	226  	1    	b'fff8'	b'ffea'	b'00fb'	 -0.0312 	 -0.0858	  0.9789	       0	       0
-2041654309	 1617161016	 03376	-59.0	227  	1    	b'fff7'	b'ffe9'	b'00fb'	 -0.0351 	 -0.0897	  0.9789	       0	       0
-2041654289	 1617161016	 03376	-59.0	228  	1    	b'fff8'	b'ffea'	b'00fd'	 -0.0312 	 -0.0858	  0.9867	       0	       0
-2041654269	 1617161016	 03376	-59.0	229  	1    	b'fffa'	b'ffe7'	b'00fb'	 -0.0234 	 -0.0975	  0.9789	       0	       0
-2041654249	 1617161016	 03376	-57.5	230  	1    	b'fffa'	b'ffe9'	b'00fa'	 -0.0234 	 -0.0897	   0.975	       0	       0
-2041654229	 1617161016	 03376	-59.0	231  	1    	b'fff9'	b'ffe7'	b'00fd'	 -0.0273 	 -0.0975	  0.9867	       0	       0
-2041654210	 1617161016	 03376	-58.0	232  	1    	b'fff8'	b'ffe8'	b'00fc'	 -0.0312 	 -0.0936	  0.9828	       0	       0
-2041654189	 1617161016	 03376	-59.5	233  	1    	b'fff8'	b'ffe8'	b'00fc'	 -0.0312 	 -0.0936	  0.9828	       0	       0
-2041654170	 1617161016	 03376	-59.0	234  	1    	b'fff9'	b'ffe9'	b'00fb'	 -0.0273 	 -0.0897	  0.9789	       0	       0
-2041654130	 1617161016	 03376	-59.0	236  	1    	b'fff8'	b'ffe7'	b'00fa'	 -0.0312 	 -0.0975	   0.975	       0	       0
-2041654110	 1617161016	 03376	-59.0	237  	1    	b'fff9'	b'ffe9'	b'00fb'	 -0.0273 	 -0.0897	  0.9789	       0	       0
-2041654090	 1617161016	 03376	-59.0	238  	1    	b'fffa'	b'ffe9'	b'00fb'	 -0.0234 	 -0.0897	  0.9789	       0	       0
-2041654070	 1617161016	 03376	-59.0	239  	1    	b'fff9'	b'ffe8'	b'00fb'	 -0.0273 	 -0.0936	  0.9789	       0	       0
-2041654050	 1617161016	 03376	-57.5	240  	1    	b'fffa'	b'ffe8'	b'00fb'	 -0.0234 	 -0.0936	  0.9789	       0	       0
-2041654030	 1617161016	 03376	-59.0	241  	1    	b'fff9'	b'ffe8'	b'00fb'	 -0.0273 	 -0.0936	  0.9789	       0	       0
-2041654010	 1617161016	 03376	-59.0	242  	1    	b'fffa'	b'ffe7'	b'00fc'	 -0.0234 	 -0.0975	  0.9828	       0	       0
-2041653990	 1617161016	 03376	-59.0	243  	1    	b'fff9'	b'ffe9'	b'00fb'	 -0.0273 	 -0.0897	  0.9789	       0	       0
-2041653970	 1617161016	 03376	-59.5	244  	1    	b'fff9'	b'ffe7'	b'00fa'	 -0.0273 	 -0.0975	   0.975	       0	       0
-2041653950	 1617161016	 03376	-58.0	245  	1    	b'fff8'	b'ffe8'	b'00fb'	 -0.0312 	 -0.0936	  0.9789	       0	       0
-2041653930	 1617161016	 03376	-59.0	246  	1    	b'fff8'	b'ffe8'	b'00fb'	 -0.0312 	 -0.0936	  0.9789	       0	       0
-2041653910	 1617161016	 03376	-59.0	247  	1    	b'fff9'	b'ffe7'	b'00fc'	 -0.0273 	 -0.0975	  0.9828	       0	       0
-2041653890	 1617161016	 03376	-59.0	248  	1    	b'fff9'	b'ffe7'	b'00fb'	 -0.0273 	 -0.0975	  0.9789	       0	       0
-2041653870	 1617161016	 03376	-57.5	249  	1    	b'fff8'	b'ffe8'	b'00fb'	 -0.0312 	 -0.0936	  0.9789	       0	       0
-2041653850	 1617161016	 03376	-59.5	250  	1    	b'fff9'	b'ffe8'	b'00fb'	 -0.0273 	 -0.0936	  0.9789	       0	       0
-2041653830	 1617161016	 03376	-59.0	251  	1    	b'fff8'	b'ffe8'	b'00fb'	 -0.0312 	 -0.0936	  0.9789	       0	       0
-2041653810	 1617161016	 03376	-59.0	252  	1    	b'fff8'	b'ffe8'	b'00fb'	 -0.0312 	 -0.0936	  0.9789	       0	       0
-2041653790	 1617161016	 03376	-58.0	253  	1    	b'fff9'	b'ffe7'	b'00fa'	 -0.0273 	 -0.0975	   0.975	       0	       0
-2041653770	 1617161016	 03376	-59.0	254  	1    	b'fff9'	b'ffe8'	b'00fa'	 -0.0273 	 -0.0936	   0.975	       0	       0
-2041653750	 1617161016	 03376	-59.0	255  	1    	b'fff8'	b'ffe8'	b'00fd'	 -0.0312 	 -0.0936	  0.9867	       0	       0
-2041653731	 1617161016	 03376	-58.0	0    	1    	b'fff7'	b'ffe8'	b'00fc'	 -0.0351 	 -0.0936	  0.9828	       0	       0
-2041653711	 1617161016	 03376	-59.0	1    	1    	b'fff9'	b'ffe8'	b'00fb'	 -0.0273 	 -0.0936	  0.9789	       0	       0
-2041653691	 1617161016	 03376	-59.5	2    	1    	b'fff9'	b'ffe7'	b'00fb'	 -0.0273 	 -0.0975	  0.9789	       0	       0
-2041653671	 1617161016	 03376	-59.5	3    	1    	b'fff7'	b'ffe7'	b'00fb'	 -0.0351 	 -0.0975	  0.9789	       0	       0
-2041653651	 1617161016	 03376	-59.0	4    	1    	b'fffa'	b'ffe8'	b'00f9'	 -0.0234 	 -0.0936	  0.9711	       0	       0
-2041653631	 1617161016	 03376	-59.0	5    	1    	b'fffa'	b'ffe8'	b'00fa'	 -0.0234 	 -0.0936	   0.975	       0	       0
-2041653611	 1617161016	 03376	-59.5	6    	1    	b'fffa'	b'ffe8'	b'00fb'	 -0.0234 	 -0.0936	  0.9789	       0	       0
-2041653571	 1617161017	 03376	-59.0	8    	1    	b'fffa'	b'ffe8'	b'00fc'	 -0.0234 	 -0.0936	  0.9828	       0	       0
-2041653551	 1617161017	 03376	-59.5	9    	1    	b'fffa'	b'ffe7'	b'00fb'	 -0.0234 	 -0.0975	  0.9789	       0	       0
-2041653531	 1617161017	 03376	-59.0	10   	1    	b'fff8'	b'ffe8'	b'00fc'	 -0.0312 	 -0.0936	  0.9828	       0	       0
-2041653511	 1617161017	 03376	-59.0	11   	1    	b'fff7'	b'ffe8'	b'00fb'	 -0.0351 	 -0.0936	  0.9789	       0	       0
-2041653491	 1617161017	 03376	-59.0	12   	1    	b'fff9'	b'ffe7'	b'00fa'	 -0.0273 	 -0.0975	   0.975	       0	       0
-2041653471	 1617161017	 03376	-59.0	13   	1    	b'fff9'	b'ffe7'	b'00fb'	 -0.0273 	 -0.0975	  0.9789	       0	       0
-2041653451	 1617161017	 03376	-59.0	14   	1    	b'fff8'	b'ffe8'	b'00fc'	 -0.0312 	 -0.0936	  0.9828	       0	       0
-2041653431	 1617161017	 03376	-58.0	15   	1    	b'fff7'	b'ffe8'	b'00fb'	 -0.0351 	 -0.0936	  0.9789	       0	       0
-2041653411	 1617161017	 03376	-59.0	16   	1    	b'fff9'	b'ffe7'	b'00fc'	 -0.0273 	 -0.0975	  0.9828	       0	       0
-2041653391	 1617161017	 03376	-59.0	17   	1    	b'fff7'	b'ffea'	b'00fa'	 -0.0351 	 -0.0858	   0.975	       0	       0
-2041653371	 1617161017	 03376	-59.0	18   	1    	b'fff7'	b'ffe9'	b'00fc'	 -0.0351 	 -0.0897	  0.9828	       0	       0
-2041653351	 1617161017	 03376	-58.0	19   	1    	b'fff8'	b'ffe8'	b'00fc'	 -0.0312 	 -0.0936	  0.9828	       0	       0
-2041653332	 1617161017	 03376	-59.5	20   	1    	b'fffb'	b'ffe7'	b'00fb'	 -0.0195 	 -0.0975	  0.9789	       0	       0
-2041653312	 1617161017	 03376	-59.0	21   	1    	b'fff8'	b'ffe8'	b'00fb'	 -0.0312 	 -0.0936	  0.9789	       0	       0
-2041653292	 1617161017	 03376	-58.5	22   	1    	b'fff9'	b'ffe8'	b'00fa'	 -0.0273 	 -0.0936	   0.975	       0	       0
-2041653272	 1617161017	 03376	-58.0	23   	1    	b'fff9'	b'ffe8'	b'00fc'	 -0.0273 	 -0.0936	  0.9828	       0	       0
-2041653252	 1617161017	 03376	-58.5	24   	1    	b'fff8'	b'ffe8'	b'00fb'	 -0.0312 	 -0.0936	  0.9789	       0	       0
-2041653232	 1617161017	 03376	-59.5	25   	1    	b'fff9'	b'ffe7'	b'00fb'	 -0.0273 	 -0.0975	  0.9789	       0	       0
-2041653212	 1617161017	 03376	-59.0	26   	1    	b'fffa'	b'ffe7'	b'00fc'	 -0.0234 	 -0.0975	  0.9828	       0	       0
-2041653192	 1617161017	 03376	-58.0	27   	1    	b'fff7'	b'ffe8'	b'00fa'	 -0.0351 	 -0.0936	   0.975	       0	       0
-2041653172	 1617161017	 03376	-59.0	28   	1    	b'fff9'	b'ffe6'	b'00fb'	 -0.0273 	 -0.1014	  0.9789	       0	       0
-2041653152	 1617161017	 03376	-58.0	29   	1    	b'fff7'	b'ffe8'	b'00fc'	 -0.0351 	 -0.0936	  0.9828	       0	       0
-2041653132	 1617161017	 03376	-59.0	30   	1    	b'fff9'	b'ffe8'	b'00fa'	 -0.0273 	 -0.0936	   0.975	       0	       0
-2041653112	 1617161017	 03376	-58.0	31   	1    	b'fff9'	b'ffe8'	b'00fb'	 -0.0273 	 -0.0936	  0.9789	       0	       0
-2041653079	 1617161017	 03376	-59.0	32   	1    	b'fffa'	b'ffe7'	b'00fc'	 -0.0234 	 -0.0975	  0.9828	       0	       0
-2041653072	 1617161017	 03376	-59.0	33   	1    	b'fff8'	b'ffe9'	b'00fc'	 -0.0312 	 -0.0897	  0.9828	       0	       0
-2041653052	 1617161017	 03376	-59.0	34   	1    	b'fff7'	b'ffe7'	b'00fd'	 -0.0351 	 -0.0975	  0.9867	       0	       0
-2041653012	 1617161017	 03376	-59.0	36   	1    	b'fff8'	b'ffe7'	b'00fb'	 -0.0312 	 -0.0975	  0.9789	       0	       0
-2041652992	 1617161017	 03376	-59.0	37   	1    	b'fff9'	b'ffe8'	b'00fc'	 -0.0273 	 -0.0936	  0.9828	       0	       0
-2041652972	 1617161017	 03376	-59.5	38   	1    	b'fff9'	b'ffe7'	b'00fb'	 -0.0273 	 -0.0975	  0.9789	       0	       0
-2041652952	 1617161017	 03376	-59.0	39   	1    	b'fff9'	b'ffe8'	b'00fa'	 -0.0273 	 -0.0936	   0.975	       0	       0
-2041652932	 1617161017	 03376	-59.0	40   	1    	b'fffa'	b'ffe8'	b'00fc'	 -0.0234 	 -0.0936	  0.9828	       0	       0
-2041652913	 1617161017	 03376	-58.0	41   	1    	b'fff8'	b'ffe8'	b'00fb'	 -0.0312 	 -0.0936	  0.9789	       0	       0
-2041652893	 1617161017	 03376	-58.0	42   	1    	b'fff8'	b'ffe8'	b'00fb'	 -0.0312 	 -0.0936	  0.9789	       0	       0
-2041652873	 1617161017	 03376	-59.0	43   	1    	b'fffa'	b'ffe8'	b'00fb'	 -0.0234 	 -0.0936	  0.9789	       0	       0
-2041652853	 1617161017	 03376	-59.0	44   	1    	b'fff8'	b'ffe7'	b'00fa'	 -0.0312 	 -0.0975	   0.975	       0	       0
-2041652833	 1617161017	 03376	-59.0	45   	1    	b'fff7'	b'ffe9'	b'00fc'	 -0.0351 	 -0.0897	  0.9828	       0	       0
-2041652813	 1617161017	 03376	-58.0	46   	1    	b'fff8'	b'ffe9'	b'00fb'	 -0.0312 	 -0.0897	  0.9789	       0	       0
-2041652793	 1617161017	 03376	-59.0	47   	1    	b'fff8'	b'ffe8'	b'00fc'	 -0.0312 	 -0.0936	  0.9828	       0	       0
-2041652773	 1617161017	 03376	-59.0	48   	1    	b'fff9'	b'ffe7'	b'00fa'	 -0.0273 	 -0.0975	   0.975	       0	       0
-2041652753	 1617161017	 03376	-58.0	49   	1    	b'fff9'	b'ffe8'	b'00fb'	 -0.0273 	 -0.0936	  0.9789	       0	       0
-2041652733	 1617161017	 03376	-59.5	50   	1    	b'fff9'	b'ffe7'	b'00fd'	 -0.0273 	 -0.0975	  0.9867	       0	       0
-2041652713	 1617161017	 03376	-58.0	51   	1    	b'fff7'	b'ffe8'	b'00fb'	 -0.0351 	 -0.0936	  0.9789	       0	       0
-2041652693	 1617161017	 03376	-59.5	52   	1    	b'fffa'	b'ffe7'	b'00fb'	 -0.0234 	 -0.0975	  0.9789	       0	       0
-2041652673	 1617161017	 03376	-58.0	53   	1    	b'fff9'	b'ffe7'	b'00fb'	 -0.0273 	 -0.0975	  0.9789	       0	       0
-2041652653	 1617161017	 03376	-59.5	54   	1    	b'fffb'	b'ffe7'	b'00fb'	 -0.0195 	 -0.0975	  0.9789	       0	       0
-2041652633	 1617161017	 03376	-58.0	55   	1    	b'fff7'	b'ffe9'	b'00fc'	 -0.0351 	 -0.0897	  0.9828	       0	       0
-2041652613	 1617161017	 03376	-59.0	56   	1    	b'fff9'	b'ffe7'	b'00fb'	 -0.0273 	 -0.0975	  0.9789	       0	       0
-2041652593	 1617161017	 03376	-59.0	57   	1    	b'fffa'	b'ffe8'	b'00fb'	 -0.0234 	 -0.0936	  0.9789	       0	       0
-2041652573	 1617161018	 03376	-59.0	58   	1    	b'fff8'	b'ffea'	b'00fb'	 -0.0312 	 -0.0858	  0.9789	       0	       0
-2041652553	 1617161018	 03376	-58.0	59   	1    	b'fff9'	b'ffe9'	b'00fc'	 -0.0273 	 -0.0897	  0.9828	       0	       0
-2041652533	 1617161018	 03376	-58.0	60   	1    	b'fff7'	b'ffea'	b'00fb'	 -0.0351 	 -0.0858	  0.9789	       0	       0
-2041652514	 1617161018	 03376	-58.0	61   	1    	b'fff8'	b'ffe7'	b'00fa'	 -0.0312 	 -0.0975	   0.975	       0	       0
-2041652494	 1617161018	 03376	-58.0	62   	1    	b'fff9'	b'ffe9'	b'00fa'	 -0.0273 	 -0.0897	   0.975	       0	       0
-2041652454	 1617161018	 03376	-58.5	64   	1    	b'fffa'	b'ffe8'	b'00fb'	 -0.0234 	 -0.0936	  0.9789	       0	       0
-2041652434	 1617161018	 03376	-59.0	65   	1    	b'fff8'	b'ffe9'	b'00fb'	 -0.0312 	 -0.0897	  0.9789	       0	       0
-2041652414	 1617161018	 03376	-59.0	66   	1    	b'fff9'	b'ffe7'	b'00fb'	 -0.0273 	 -0.0975	  0.9789	       0	       0
-2041652394	 1617161018	 03376	-59.0	67   	1    	b'fff9'	b'ffe7'	b'00fd'	 -0.0273 	 -0.0975	  0.9867	       0	       0
-2041652374	 1617161018	 03376	-58.0	68   	1    	b'fff7'	b'ffe9'	b'00fa'	 -0.0351 	 -0.0897	   0.975	       0	       0
-2041652354	 1617161018	 03376	-58.0	69   	1    	b'fff9'	b'ffe8'	b'00fb'	 -0.0273 	 -0.0936	  0.9789	       0	       0
-2041652334	 1617161018	 03376	-58.0	70   	1    	b'fffb'	b'ffe7'	b'00fc'	 -0.0195 	 -0.0975	  0.9828	       0	       0
-2041652314	 1617161018	 03376	-59.5	71   	1    	b'fffa'	b'ffe7'	b'00fd'	 -0.0234 	 -0.0975	  0.9867	       0	       0
-2041652294	 1617161018	 03376	-58.0	72   	1    	b'fff9'	b'ffe9'	b'00fb'	 -0.0273 	 -0.0897	  0.9789	       0	       0
-2041652273	 1617161018	 03376	-58.0	73   	1    	b'fffa'	b'ffe7'	b'00fd'	 -0.0234 	 -0.0975	  0.9867	       0	       0
-2041652253	 1617161018	 03376	-57.5	74   	1    	b'fff7'	b'ffe8'	b'00fb'	 -0.0351 	 -0.0936	  0.9789	       0	       0
-2041652234	 1617161018	 03376	-59.0	75   	1    	b'fff9'	b'ffe8'	b'00fa'	 -0.0273 	 -0.0936	   0.975	       0	       0
-2041652214	 1617161018	 03376	-57.5	76   	1    	b'fffa'	b'ffe8'	b'00fb'	 -0.0234 	 -0.0936	  0.9789	       0	       0
-2041652194	 1617161018	 03376	-59.0	77   	1    	b'fff7'	b'ffe7'	b'00fb'	 -0.0351 	 -0.0975	  0.9789	       0	       0
-2041652174	 1617161018	 03376	-58.0	78   	1    	b'fff8'	b'ffe9'	b'00fc'	 -0.0312 	 -0.0897	  0.9828	       0	       0
-2041652154	 1617161018	 03376	-59.0	79   	1    	b'fffa'	b'ffe7'	b'00fc'	 -0.0234 	 -0.0975	  0.9828	       0	       0
-2041652134	 1617161018	 03376	-59.0	80   	1    	b'fff9'	b'ffe8'	b'00fa'	 -0.0273 	 -0.0936	   0.975	       0	       0
-2041652114	 1617161018	 03376	-58.0	81   	1    	b'fff9'	b'ffe8'	b'00fc'	 -0.0273 	 -0.0936	  0.9828	       0	       0
-2041652094	 1617161018	 03376	-59.0	82   	1    	b'fff9'	b'ffe9'	b'00fb'	 -0.0273 	 -0.0897	  0.9789	       0	       0
-2041652074	 1617161018	 03376	-58.0	83   	1    	b'fffa'	b'ffe7'	b'00fb'	 -0.0234 	 -0.0975	  0.9789	       0	       0
-2041652054	 1617161018	 03376	-58.0	84   	1    	b'fff9'	b'ffe8'	b'00fc'	 -0.0273 	 -0.0936	  0.9828	       0	       0
-2041652034	 1617161018	 03376	-58.0	85   	1    	b'fffa'	b'ffe8'	b'00fb'	 -0.0234 	 -0.0936	  0.9789	       0	       0
-2041652014	 1617161018	 03376	-58.0	86   	1    	b'fff8'	b'ffe8'	b'00fb'	 -0.0312 	 -0.0936	  0.9789	       0	       0
-2041651994	 1617161018	 03376	-58.0	87   	1    	b'fff9'	b'ffe8'	b'00fb'	 -0.0273 	 -0.0936	  0.9789	       0	       0
-2041651974	 1617161018	 03376	-58.5	88   	1    	b'fff9'	b'ffe9'	b'00fb'	 -0.0273 	 -0.0897	  0.9789	       0	       0
-2041651954	 1617161018	 03376	-58.5	89   	1    	b'fff9'	b'ffe7'	b'00fb'	 -0.0273 	 -0.0975	  0.9789	       0	       0
-2041651934	 1617161018	 03376	-59.0	90   	1    	b'fff8'	b'ffe8'	b'00fa'	 -0.0312 	 -0.0936	   0.975	       0	       0
-2041651914	 1617161018	 03376	-58.0	91   	1    	b'fffa'	b'ffe8'	b'00fb'	 -0.0234 	 -0.0936	  0.9789	       0	       0
-2041651875	 1617161018	 03376	-59.0	93   	1    	b'fff8'	b'ffe8'	b'00fb'	 -0.0312 	 -0.0936	  0.9789	       0	       0
-2041651855	 1617161018	 03376	-59.0	94   	1    	b'fff9'	b'ffe7'	b'00fb'	 -0.0273 	 -0.0975	  0.9789	       0	       0
-2041651835	 1617161018	 03376	-59.5	95   	1    	b'fff8'	b'ffe8'	b'00fc'	 -0.0312 	 -0.0936	  0.9828	       0	       0
-2041651815	 1617161018	 03376	-58.0	96   	1    	b'fff8'	b'ffe8'	b'00fb'	 -0.0312 	 -0.0936	  0.9789	       0	       0
-2041651795	 1617161018	 03376	-58.0	97   	1    	b'fff9'	b'ffe8'	b'00fb'	 -0.0273 	 -0.0936	  0.9789	       0	       0
-2041651775	 1617161018	 03376	-58.0	98   	1    	b'fffa'	b'ffe7'	b'00fb'	 -0.0234 	 -0.0975	  0.9789	       0	       0
-2041651755	 1617161018	 03376	-59.5	99   	1    	b'fff8'	b'ffe8'	b'00fb'	 -0.0312 	 -0.0936	  0.9789	       0	       0
-2041651711	 1617161018	 03376	-59.0	100  	1    	b'fff9'	b'ffe8'	b'00fc'	 -0.0273 	 -0.0936	  0.9828	       0	       0
-2041651710	 1617161018	 03376	-59.5	101  	1    	b'fff9'	b'ffe8'	b'00fc'	 -0.0273 	 -0.0936	  0.9828	       0	       0
-2041651695	 1617161018	 03376	-59.0	102  	1    	b'fff9'	b'ffe8'	b'00fb'	 -0.0273 	 -0.0936	  0.9789	       0	       0
-2041651675	 1617161018	 03376	-59.5	103  	1    	b'fff9'	b'ffe8'	b'00fa'	 -0.0273 	 -0.0936	   0.975	       0	       0
-2041651655	 1617161018	 03376	-59.5	104  	1    	b'fff8'	b'ffe9'	b'00fa'	 -0.0312 	 -0.0897	   0.975	       0	       0
-2041651635	 1617161018	 03376	-59.5	105  	1    	b'fff8'	b'ffe8'	b'00fa'	 -0.0312 	 -0.0936	   0.975	       0	       0
-2041651615	 1617161018	 03376	-58.0	106  	1    	b'fff9'	b'ffe7'	b'00fb'	 -0.0273 	 -0.0975	  0.9789	       0	       0
-2041651595	 1617161018	 03376	-59.5	107  	1    	b'fff8'	b'ffe7'	b'00fc'	 -0.0312 	 -0.0975	  0.9828	       0	       0
-2041651575	 1617161019	 03376	-58.0	108  	1    	b'fff9'	b'ffe9'	b'00fc'	 -0.0273 	 -0.0897	  0.9828	       0	       0
-2041651555	 1617161019	 03376	-59.0	109  	1    	b'fff8'	b'ffe7'	b'00fc'	 -0.0312 	 -0.0975	  0.9828	       0	       0
-2041651535	 1617161019	 03376	-59.5	110  	1    	b'fff7'	b'ffe9'	b'00fa'	 -0.0351 	 -0.0897	   0.975	       0	       0
-2041651515	 1617161019	 03376	-58.0	111  	1    	b'fff7'	b'ffe8'	b'00fa'	 -0.0351 	 -0.0936	   0.975	       0	       0
-2041651495	 1617161019	 03376	-58.0	112  	1    	b'fff9'	b'ffe8'	b'00fb'	 -0.0273 	 -0.0936	  0.9789	       0	       0
-2041651476	 1617161019	 03376	-58.0	113  	1    	b'fff9'	b'ffe7'	b'00fb'	 -0.0273 	 -0.0975	  0.9789	       0	       0
-2041651456	 1617161019	 03376	-58.0	114  	1    	b'fff9'	b'ffe8'	b'00fa'	 -0.0273 	 -0.0936	   0.975	       0	       0
-2041651436	 1617161019	 03376	-59.0	115  	1    	b'fff7'	b'ffe9'	b'00fc'	 -0.0351 	 -0.0897	  0.9828	       0	       0
-2041651416	 1617161019	 03376	-59.0	116  	1    	b'fff8'	b'ffe8'	b'00fb'	 -0.0312 	 -0.0936	  0.9789	       0	       0
-2041651396	 1617161019	 03376	-59.5	117  	1    	b'fff8'	b'ffe8'	b'00fb'	 -0.0312 	 -0.0936	  0.9789	       0	       0
-2041651376	 1617161019	 03376	-58.0	118  	1    	b'fffa'	b'ffe9'	b'00fb'	 -0.0234 	 -0.0897	  0.9789	       0	       0
-2041651356	 1617161019	 03376	-59.5	119  	1    	b'fff9'	b'ffe7'	b'00fa'	 -0.0273 	 -0.0975	   0.975	       0	       0
-2041651316	 1617161019	 03376	-57.5	121  	1    	b'fff8'	b'ffe9'	b'00fb'	 -0.0312 	 -0.0897	  0.9789	       0	       0
-2041651296	 1617161019	 03376	-59.5	122  	1    	b'fff9'	b'ffe8'	b'00fb'	 -0.0273 	 -0.0936	  0.9789	       0	       0
-2041651276	 1617161019	 03376	-58.0	123  	1    	b'fffc'	b'ffe7'	b'00fb'	 -0.0156 	 -0.0975	  0.9789	       0	       0
-2041651256	 1617161019	 03376	-58.0	124  	1    	b'fffa'	b'ffe8'	b'00fc'	 -0.0234 	 -0.0936	  0.9828	       0	       0
-2041651236	 1617161019	 03376	-58.0	125  	1    	b'fff8'	b'ffe7'	b'00fb'	 -0.0312 	 -0.0975	  0.9789	       0	       0
-2041651216	 1617161019	 03376	-59.5	126  	1    	b'fffa'	b'ffe7'	b'00fc'	 -0.0234 	 -0.0975	  0.9828	       0	       0
-2041651196	 1617161019	 03376	-58.0	127  	1    	b'fff8'	b'ffe8'	b'00fb'	 -0.0312 	 -0.0936	  0.9789	       0	       0
-2041651176	 1617161019	 03376	-59.5	128  	1    	b'fff8'	b'ffe8'	b'00fb'	 -0.0312 	 -0.0936	  0.9789	       0	       0
-2041651156	 1617161019	 03376	-59.0	129  	1    	b'fff8'	b'ffe9'	b'00fa'	 -0.0312 	 -0.0897	   0.975	       0	       0
-2041651136	 1617161019	 03376	-59.0	130  	1    	b'fff9'	b'ffe8'	b'00fb'	 -0.0273 	 -0.0936	  0.9789	       0	       0
-2041651116	 1617161019	 03376	-58.0	131  	1    	b'fffb'	b'ffe8'	b'00fa'	 -0.0195 	 -0.0936	   0.975	       0	       0
-2041651096	 1617161019	 03376	-58.0	132  	1    	b'fff8'	b'ffe9'	b'00fc'	 -0.0312 	 -0.0897	  0.9828	       0	       0
-2041651076	 1617161019	 03376	-59.0	133  	1    	b'fff8'	b'ffe8'	b'00fb'	 -0.0312 	 -0.0936	  0.9789	       0	       0
-2041651057	 1617161019	 03376	-58.0	134  	1    	b'fff9'	b'ffe8'	b'00fc'	 -0.0273 	 -0.0936	  0.9828	       0	       0
-2041651037	 1617161019	 03376	-58.0	135  	1    	b'fff8'	b'ffe8'	b'00fc'	 -0.0312 	 -0.0936	  0.9828	       0	       0
-2041651017	 1617161019	 03376	-58.0	136  	1    	b'fff9'	b'ffe7'	b'00fb'	 -0.0273 	 -0.0975	  0.9789	       0	       0
-2041650997	 1617161019	 03376	-58.0	137  	1    	b'fff8'	b'ffe8'	b'00fa'	 -0.0312 	 -0.0936	   0.975	       0	       0
-2041650977	 1617161019	 03376	-58.0	138  	1    	b'fff9'	b'ffe8'	b'00fb'	 -0.0273 	 -0.0936	  0.9789	       0	       0
-2041650957	 1617161019	 03376	-58.0	139  	1    	b'fffa'	b'ffe7'	b'00fb'	 -0.0234 	 -0.0975	  0.9789	       0	       0
-2041650937	 1617161019	 03376	-58.0	140  	1    	b'fff8'	b'ffe8'	b'00fa'	 -0.0312 	 -0.0936	   0.975	       0	       0
-2041650917	 1617161019	 03376	-59.5	141  	1    	b'fff9'	b'ffe8'	b'00fa'	 -0.0273 	 -0.0936	   0.975	       0	       0
-2041650897	 1617161019	 03376	-58.0	142  	1    	b'fff9'	b'ffe9'	b'00fb'	 -0.0273 	 -0.0897	  0.9789	       0	       0
-2041650877	 1617161019	 03376	-59.0	143  	1    	b'fffa'	b'ffe8'	b'00fb'	 -0.0234 	 -0.0936	  0.9789	       0	       0
-2041650857	 1617161019	 03376	-59.5	144  	1    	b'fff7'	b'ffe8'	b'00fa'	 -0.0351 	 -0.0936	   0.975	       0	       0
-2041650837	 1617161019	 03376	-59.5	145  	1    	b'fff9'	b'ffe8'	b'00f9'	 -0.0273 	 -0.0936	  0.9711	       0	       0
-2041650817	 1617161019	 03376	-58.0	146  	1    	b'fff8'	b'ffe8'	b'00fb'	 -0.0312 	 -0.0936	  0.9789	       0	       0
-2041650797	 1617161019	 03376	-59.0	147  	1    	b'fff8'	b'ffe8'	b'00fa'	 -0.0312 	 -0.0936	   0.975	       0	       0
-2041650777	 1617161019	 03376	-58.0	148  	1    	b'fff9'	b'ffe7'	b'00fa'	 -0.0273 	 -0.0975	   0.975	       0	       0
-2041650757	 1617161019	 03376	-58.0	149  	1    	b'fff7'	b'ffe9'	b'00fa'	 -0.0351 	 -0.0897	   0.975	       0	       0
-2041650737	 1617161019	 03376	-59.0	150  	1    	b'fffa'	b'ffe9'	b'00fa'	 -0.0234 	 -0.0897	   0.975	       0	       0
-2041650717	 1617161019	 03376	-59.0	151  	1    	b'fff9'	b'ffe8'	b'00fc'	 -0.0273 	 -0.0936	  0.9828	       0	       0
-2041650698	 1617161019	 03376	-58.5	152  	1    	b'fff8'	b'ffe8'	b'00fc'	 -0.0312 	 -0.0936	  0.9828	       0	       0
-2041650678	 1617161019	 03376	-59.5	153  	1    	b'fff8'	b'ffe8'	b'00fb'	 -0.0312 	 -0.0936	  0.9789	       0	       0
-2041650658	 1617161019	 03376	-59.5	154  	1    	b'fff7'	b'ffe8'	b'00fb'	 -0.0351 	 -0.0936	  0.9789	       0	       0
-2041650638	 1617161019	 03376	-59.0	155  	1    	b'fffa'	b'ffe8'	b'00fa'	 -0.0234 	 -0.0936	   0.975	       0	       0
-2041650618	 1617161019	 03376	-58.0	156  	1    	b'fff8'	b'ffe8'	b'00fb'	 -0.0312 	 -0.0936	  0.9789	       0	       0
-2041650598	 1617161019	 03376	-59.0	157  	1    	b'fff9'	b'ffe8'	b'00fa'	 -0.0273 	 -0.0936	   0.975	       0	       0
-2041650578	 1617161020	 03376	-58.0	158  	1    	b'fff7'	b'ffe8'	b'00fa'	 -0.0351 	 -0.0936	   0.975	       0	       0
-2041650558	 1617161020	 03376	-59.5	159  	1    	b'fff9'	b'ffe8'	b'00fc'	 -0.0273 	 -0.0936	  0.9828	       0	       0
-2041650538	 1617161020	 03376	-58.0	160  	1    	b'fff8'	b'ffe9'	b'00fb'	 -0.0312 	 -0.0897	  0.9789	       0	       0
-2041650518	 1617161020	 03376	-59.5	161  	1    	b'fff8'	b'ffe9'	b'00fc'	 -0.0312 	 -0.0897	  0.9828	       0	       0
-2041650498	 1617161020	 03376	-59.0	162  	1    	b'fffa'	b'ffe7'	b'00fb'	 -0.0234 	 -0.0975	  0.9789	       0	       0
-2041650478	 1617161020	 03376	-58.0	163  	1    	b'fffa'	b'ffe7'	b'00fb'	 -0.0234 	 -0.0975	  0.9789	       0	       0
-2041650458	 1617161020	 03376	-59.0	164  	1    	b'fff9'	b'ffe7'	b'00fa'	 -0.0273 	 -0.0975	   0.975	       0	       0
-2041650438	 1617161020	 03376	-59.0	165  	1    	b'fff8'	b'ffe8'	b'00fc'	 -0.0312 	 -0.0936	  0.9828	       0	       0
-2041650418	 1617161020	 03376	-58.0	166  	1    	b'fff9'	b'ffe7'	b'00fb'	 -0.0273 	 -0.0975	  0.9789	       0	       0
-2041650398	 1617161020	 03376	-58.0	167  	1    	b'fff7'	b'ffe7'	b'00fc'	 -0.0351 	 -0.0975	  0.9828	       0	       0
-2041650378	 1617161020	 03376	-59.5	168  	1    	b'fffb'	b'ffe7'	b'00fc'	 -0.0195 	 -0.0975	  0.9828	       0	       0
-2041650358	 1617161020	 03376	-59.0	169  	1    	b'fff8'	b'ffe8'	b'00fb'	 -0.0312 	 -0.0936	  0.9789	       0	       0
-2041650330	 1617161020	 03376	-59.0	170  	1    	b'fff9'	b'ffe8'	b'00fa'	 -0.0273 	 -0.0936	   0.975	       0	       0
-2041650319	 1617161020	 03376	-59.5	171  	1    	b'fff8'	b'ffe8'	b'00fc'	 -0.0312 	 -0.0936	  0.9828	       0	       0
-2041650298	 1617161020	 03376	-58.5	172  	1    	b'fffa'	b'ffe7'	b'00fb'	 -0.0234 	 -0.0975	  0.9789	       0	       0
-2041650279	 1617161020	 03376	-58.0	173  	1    	b'fff9'	b'ffe8'	b'00fa'	 -0.0273 	 -0.0936	   0.975	       0	       0
-2041650259	 1617161020	 03376	-59.5	174  	1    	b'fffa'	b'ffe9'	b'00fa'	 -0.0234 	 -0.0897	   0.975	       0	       0
-2041650239	 1617161020	 03376	-58.0	175  	1    	b'fff9'	b'ffe8'	b'00fb'	 -0.0273 	 -0.0936	  0.9789	       0	       0
-2041650199	 1617161020	 03376	-59.5	177  	1    	b'fff9'	b'ffe8'	b'00fb'	 -0.0273 	 -0.0936	  0.9789	       0	       0
-2041650179	 1617161020	 03376	-59.5	178  	1    	b'fff8'	b'ffe9'	b'00f9'	 -0.0312 	 -0.0897	  0.9711	       0	       0
-2041650159	 1617161020	 03376	-59.5	179  	1    	b'fff9'	b'ffe8'	b'00fb'	 -0.0273 	 -0.0936	  0.9789	       0	       0
-2041650139	 1617161020	 03376	-59.5	180  	1    	b'fffa'	b'ffe8'	b'00fc'	 -0.0234 	 -0.0936	  0.9828	       0	       0
-2041650119	 1617161020	 03376	-59.5	181  	1    	b'fff8'	b'ffe9'	b'00fb'	 -0.0312 	 -0.0897	  0.9789	       0	       0
-2041650099	 1617161020	 03376	-59.5	182  	1    	b'fff9'	b'ffe8'	b'00fb'	 -0.0273 	 -0.0936	  0.9789	       0	       0
-2041650079	 1617161020	 03376	-58.5	183  	1    	b'fff9'	b'ffe9'	b'00f9'	 -0.0273 	 -0.0897	  0.9711	       0	       0
-2041650059	 1617161020	 03376	-58.0	184  	1    	b'fffa'	b'ffe7'	b'00fa'	 -0.0234 	 -0.0975	   0.975	       0	       0
-2041650039	 1617161020	 03376	-59.0	185  	1    	b'fff8'	b'ffe7'	b'00fb'	 -0.0312 	 -0.0975	  0.9789	       0	       0
-2041650019	 1617161020	 03376	-59.5	186  	1    	b'fff8'	b'ffe8'	b'00fc'	 -0.0312 	 -0.0936	  0.9828	       0	       0
-2041649999	 1617161020	 03376	-59.5	187  	1    	b'fff8'	b'ffe8'	b'00fc'	 -0.0312 	 -0.0936	  0.9828	       0	       0
-2041649979	 1617161020	 03376	-58.0	188  	1    	b'fff8'	b'ffe9'	b'00fc'	 -0.0312 	 -0.0897	  0.9828	       0	       0
-2041649959	 1617161020	 03376	-58.0	189  	1    	b'fff9'	b'ffe8'	b'00fb'	 -0.0273 	 -0.0936	  0.9789	       0	       0
-2041649939	 1617161020	 03376	-59.0	190  	1    	b'fff9'	b'ffe8'	b'00fc'	 -0.0273 	 -0.0936	  0.9828	       0	       0
-2041649919	 1617161020	 03376	-58.5	191  	1    	b'fff8'	b'ffe8'	b'00fb'	 -0.0312 	 -0.0936	  0.9789	       0	       0
-2041649900	 1617161020	 03376	-58.5	192  	1    	b'fff9'	b'ffe8'	b'00fb'	 -0.0273 	 -0.0936	  0.9789	       0	       0
-2041649880	 1617161020	 03376	-58.0	193  	1    	b'fff9'	b'ffe8'	b'00fc'	 -0.0273 	 -0.0936	  0.9828	       0	       0
-2041649860	 1617161020	 03376	-59.5	194  	1    	b'fff8'	b'ffe8'	b'00f9'	 -0.0312 	 -0.0936	  0.9711	       0	       0
-2041649840	 1617161020	 03376	-59.5	195  	1    	b'fff8'	b'ffe8'	b'00fc'	 -0.0312 	 -0.0936	  0.9828	       0	       0
-2041649820	 1617161020	 03376	-58.0	196  	1    	b'fff7'	b'ffe9'	b'00f9'	 -0.0351 	 -0.0897	  0.9711	       0	       0
-2041649800	 1617161021	 03376	-58.0	197  	1    	b'fff8'	b'ffe9'	b'00fb'	 -0.0312 	 -0.0897	  0.9789	       0	       0
-2041649780	 1617161021	 03376	-58.0	198  	1    	b'fff7'	b'ffe8'	b'00fb'	 -0.0351 	 -0.0936	  0.9789	       0	       0
-2041649760	 1617161021	 03376	-59.5	199  	1    	b'fffa'	b'ffe8'	b'00fa'	 -0.0234 	 -0.0936	   0.975	       0	       0
-2041649740	 1617161021	 03376	-58.0	200  	1    	b'fff9'	b'ffe8'	b'00fb'	 -0.0273 	 -0.0936	  0.9789	       0	       0
-2041649720	 1617161021	 03376	-58.0	201  	1    	b'fff8'	b'ffe8'	b'00fb'	 -0.0312 	 -0.0936	  0.9789	       0	       0
-2041649700	 1617161021	 03376	-58.0	202  	1    	b'fff6'	b'ffe8'	b'00fb'	  -0.039 	 -0.0936	  0.9789	       0	       0
-2041649680	 1617161021	 03376	-58.0	203  	1    	b'fff8'	b'ffe8'	b'00fa'	 -0.0312 	 -0.0936	   0.975	       0	       0
-2041649640	 1617161021	 03376	-60.5	205  	1    	b'fff8'	b'ffe8'	b'00fc'	 -0.0312 	 -0.0936	  0.9828	       0	       0
-2041649620	 1617161021	 03376	-59.0	206  	1    	b'fff8'	b'ffe8'	b'00fc'	 -0.0312 	 -0.0936	  0.9828	       0	       0
-2041649600	 1617161021	 03376	-58.0	207  	1    	b'fff7'	b'ffe8'	b'00fb'	 -0.0351 	 -0.0936	  0.9789	       0	       0
-2041649580	 1617161021	 03376	-59.5	208  	1    	b'fff8'	b'ffe9'	b'00fb'	 -0.0312 	 -0.0897	  0.9789	       0	       0
-2041649560	 1617161021	 03376	-58.0	209  	1    	b'fffb'	b'ffe8'	b'00fc'	 -0.0195 	 -0.0936	  0.9828	       0	       0
-2041649540	 1617161021	 03376	-58.0	210  	1    	b'fff7'	b'ffe8'	b'00fb'	 -0.0351 	 -0.0936	  0.9789	       0	       0
-2041649520	 1617161021	 03376	-59.5	211  	1    	b'fff9'	b'ffe8'	b'00fa'	 -0.0273 	 -0.0936	   0.975	       0	       0
-2041649501	 1617161021	 03376	-58.0	212  	1    	b'fff8'	b'ffe7'	b'00fb'	 -0.0312 	 -0.0975	  0.9789	       0	       0
-2041649481	 1617161021	 03376	-58.0	213  	1    	b'fff8'	b'ffe8'	b'00fa'	 -0.0312 	 -0.0936	   0.975	       0	       0
-2041649461	 1617161021	 03376	-59.5	214  	1    	b'fff9'	b'ffe8'	b'00fb'	 -0.0273 	 -0.0936	  0.9789	       0	       0
-2041649441	 1617161021	 03376	-58.0	215  	1    	b'fff8'	b'ffe7'	b'00fb'	 -0.0312 	 -0.0975	  0.9789	       0	       0
-2041649421	 1617161021	 03376	-59.5	216  	1    	b'fff9'	b'ffe9'	b'00fc'	 -0.0273 	 -0.0897	  0.9828	       0	       0
-2041649401	 1617161021	 03376	-58.5	217  	1    	b'fff9'	b'ffe8'	b'00fb'	 -0.0273 	 -0.0936	  0.9789	       0	       0
-2041649381	 1617161021	 03376	-58.0	218  	1    	b'fffa'	b'ffe8'	b'00fb'	 -0.0234 	 -0.0936	  0.9789	       0	       0
-2041649361	 1617161021	 03376	-59.0	219  	1    	b'fff9'	b'ffe8'	b'00f9'	 -0.0273 	 -0.0936	  0.9711	       0	       0
-2041649341	 1617161021	 03376	-59.5	220  	1    	b'fffa'	b'ffe7'	b'00fa'	 -0.0234 	 -0.0975	   0.975	       0	       0
-2041649321	 1617161021	 03376	-58.0	221  	1    	b'fff8'	b'ffe8'	b'00fa'	 -0.0312 	 -0.0936	   0.975	       0	       0
-2041649301	 1617161021	 03376	-59.0	222  	1    	b'fff9'	b'ffe7'	b'00fa'	 -0.0273 	 -0.0975	   0.975	       0	       0
-2041649281	 1617161021	 03376	-59.5	223  	1    	b'fff9'	b'ffe8'	b'00fb'	 -0.0273 	 -0.0936	  0.9789	       0	       0
-2041649261	 1617161021	 03376	-59.5	224  	1    	b'fff8'	b'ffe8'	b'00fa'	 -0.0312 	 -0.0936	   0.975	       0	       0
-2041649241	 1617161021	 03376	-58.5	225  	1    	b'fffb'	b'ffe8'	b'00fc'	 -0.0195 	 -0.0936	  0.9828	       0	       0
-2041649221	 1617161021	 03376	-59.0	226  	1    	b'fff9'	b'ffe7'	b'00fa'	 -0.0273 	 -0.0975	   0.975	       0	       0
-2041649201	 1617161021	 03376	-58.0	227  	1    	b'fff8'	b'ffe7'	b'00fa'	 -0.0312 	 -0.0975	   0.975	       0	       0
-2041649181	 1617161021	 03376	-58.0	228  	1    	b'fff8'	b'ffe8'	b'00fb'	 -0.0312 	 -0.0936	  0.9789	       0	       0
-2041649161	 1617161021	 03376	-58.0	229  	1    	b'fff9'	b'ffe8'	b'00fd'	 -0.0273 	 -0.0936	  0.9867	       0	       0
-2041649141	 1617161021	 03376	-59.5	230  	1    	b'fffa'	b'ffe8'	b'00fc'	 -0.0234 	 -0.0936	  0.9828	       0	       0
-2041649121	 1617161021	 03376	-59.5	231  	1    	b'fff9'	b'ffe8'	b'00fb'	 -0.0273 	 -0.0936	  0.9789	       0	       0
-2041649101	 1617161021	 03376	-59.5	232  	1    	b'fff9'	b'ffe8'	b'00fb'	 -0.0273 	 -0.0936	  0.9789	       0	       0
-2041649082	 1617161021	 03376	-56.5	233  	1    	b'fff9'	b'ffe8'	b'00fc'	 -0.0273 	 -0.0936	  0.9828	       0	       0
-2041649062	 1617161021	 03376	-58.0	234  	1    	b'fff9'	b'ffe8'	b'00fa'	 -0.0273 	 -0.0936	   0.975	       0	       0
-2041649042	 1617161021	 03376	-59.0	235  	1    	b'fff9'	b'ffe7'	b'00fc'	 -0.0273 	 -0.0975	  0.9828	       0	       0
-2041649022	 1617161021	 03376	-59.5	236  	1    	b'fff8'	b'ffe7'	b'00fc'	 -0.0312 	 -0.0975	  0.9828	       0	       0
-2041649002	 1617161021	 03376	-59.0	237  	1    	b'fff9'	b'ffe8'	b'00fa'	 -0.0273 	 -0.0936	   0.975	       0	       0
-2041648982	 1617161021	 03376	-59.5	238  	1    	b'fff9'	b'ffe6'	b'00fc'	 -0.0273 	 -0.1014	  0.9828	       0	       0
-2041648941	 1617161021	 03376	-58.0	239  	1    	b'fff9'	b'ffea'	b'00fb'	 -0.0273 	 -0.0858	  0.9789	       0	       0
-2041648940	 1617161021	 03376	-58.0	240  	1    	b'fff9'	b'ffe9'	b'00fc'	 -0.0273 	 -0.0897	  0.9828	       0	       0
-2041648922	 1617161021	 03376	-58.0	241  	1    	b'fff8'	b'ffe8'	b'00fb'	 -0.0312 	 -0.0936	  0.9789	       0	       0
-2041648902	 1617161021	 03376	-59.5	242  	1    	b'fff8'	b'ffe9'	b'00fb'	 -0.0312 	 -0.0897	  0.9789	       0	       0
-2041648882	 1617161021	 03376	-58.0	243  	1    	b'fff8'	b'ffe8'	b'00fc'	 -0.0312 	 -0.0936	  0.9828	       0	       0
-2041648862	 1617161021	 03376	-59.5	244  	1    	b'fff8'	b'ffe8'	b'00fb'	 -0.0312 	 -0.0936	  0.9789	       0	       0
-2041648842	 1617161021	 03376	-59.0	245  	1    	b'fffb'	b'ffe7'	b'00fa'	 -0.0195 	 -0.0975	   0.975	       0	       0
-2041648822	 1617161021	 03376	-59.5	246  	1    	b'fff8'	b'ffe9'	b'00fa'	 -0.0312 	 -0.0897	   0.975	       0	       0
-2041648802	 1617161021	 03376	-59.0	247  	1    	b'fff7'	b'ffe8'	b'00fb'	 -0.0351 	 -0.0936	  0.9789	       0	       0
-2041648782	 1617161021	 03376	-59.0	248  	1    	b'fff8'	b'ffe8'	b'00fb'	 -0.0312 	 -0.0936	  0.9789	       0	       0
-2041648762	 1617161021	 03376	-59.0	249  	1    	b'fff8'	b'ffe8'	b'00fa'	 -0.0312 	 -0.0936	   0.975	       0	       0
-2041648742	 1617161021	 03376	-58.0	250  	1    	b'fff7'	b'ffe8'	b'00fa'	 -0.0351 	 -0.0936	   0.975	       0	       0
-2041648722	 1617161021	 03376	-59.5	251  	1    	b'fffb'	b'ffe7'	b'00fb'	 -0.0195 	 -0.0975	  0.9789	       0	       0
-2041648702	 1617161021	 03376	-59.5	252  	1    	b'fff8'	b'ffe9'	b'00fb'	 -0.0312 	 -0.0897	  0.9789	       0	       0
-2041648682	 1617161021	 03376	-58.0	253  	1    	b'fff9'	b'ffe8'	b'00fa'	 -0.0273 	 -0.0936	   0.975	       0	       0
-2041648663	 1617161021	 03376	-59.0	254  	1    	b'fff9'	b'ffe7'	b'00fb'	 -0.0273 	 -0.0975	  0.9789	       0	       0
-2041648643	 1617161021	 03376	-58.0	255  	1    	b'fffa'	b'ffe7'	b'00fc'	 -0.0234 	 -0.0975	  0.9828	       0	       0
-2041648623	 1617161021	 03376	-58.0	0    	1    	b'fff9'	b'ffe8'	b'00fb'	 -0.0273 	 -0.0936	  0.9789	       0	       0
-2041648603	 1617161021	 03376	-59.5	1    	1    	b'fff8'	b'ffe9'	b'00fa'	 -0.0312 	 -0.0897	   0.975	       0	       0
-2041648583	 1617161022	 03376	-58.0	2    	1    	b'fff9'	b'ffe8'	b'00fb'	 -0.0273 	 -0.0936	  0.9789	       0	       0
-2041648563	 1617161022	 03376	-59.5	3    	1    	b'fff9'	b'ffe9'	b'00fa'	 -0.0273 	 -0.0897	   0.975	       0	       0
-2041648543	 1617161022	 03376	-59.0	4    	1    	b'fff8'	b'ffe8'	b'00fc'	 -0.0312 	 -0.0936	  0.9828	       0	       0
-2041648503	 1617161022	 03376	-59.0	6    	1    	b'fffa'	b'ffe8'	b'00fb'	 -0.0234 	 -0.0936	  0.9789	       0	       0
-2041648483	 1617161022	 03376	-59.0	7    	1    	b'fff8'	b'ffe8'	b'00fb'	 -0.0312 	 -0.0936	  0.9789	       0	       0
-2041648463	 1617161022	 03376	-59.5	8    	1    	b'fffa'	b'ffe8'	b'00fa'	 -0.0234 	 -0.0936	   0.975	       0	       0
-2041648443	 1617161022	 03376	-59.0	9    	1    	b'fff9'	b'ffe7'	b'00fa'	 -0.0273 	 -0.0975	   0.975	       0	       0
-2041648423	 1617161022	 03376	-59.5	10   	1    	b'fff9'	b'ffe7'	b'00fc'	 -0.0273 	 -0.0975	  0.9828	       0	       0
-2041648403	 1617161022	 03376	-59.0	11   	1    	b'fffa'	b'ffe8'	b'00f9'	 -0.0234 	 -0.0936	  0.9711	       0	       0
-2041648383	 1617161022	 03376	-59.5	12   	1    	b'fffa'	b'ffe8'	b'00fc'	 -0.0234 	 -0.0936	  0.9828	       0	       0
-2041648363	 1617161022	 03376	-59.5	13   	1    	b'fff9'	b'ffe8'	b'00fa'	 -0.0273 	 -0.0936	   0.975	       0	       0
-2041648343	 1617161022	 03376	-58.0	14   	1    	b'fff9'	b'ffe8'	b'00fd'	 -0.0273 	 -0.0936	  0.9867	       0	       0
-2041648323	 1617161022	 03376	-59.5	15   	1    	b'fff9'	b'ffe8'	b'00fc'	 -0.0273 	 -0.0936	  0.9828	       0	       0
-2041648303	 1617161022	 03376	-59.5	16   	1    	b'fff7'	b'ffe8'	b'00fb'	 -0.0351 	 -0.0936	  0.9789	       0	       0
-2041648283	 1617161022	 03376	-58.0	17   	1    	b'fff8'	b'ffe8'	b'00fb'	 -0.0312 	 -0.0936	  0.9789	       0	       0
-2041648263	 1617161022	 03376	-58.0	18   	1    	b'fff8'	b'ffe9'	b'00fc'	 -0.0312 	 -0.0897	  0.9828	       0	       0
-2041648243	 1617161022	 03376	-58.0	19   	1    	b'fff8'	b'ffe8'	b'00fb'	 -0.0312 	 -0.0936	  0.9789	       0	       0
-2041648224	 1617161022	 03376	-59.0	20   	1    	b'fffa'	b'ffe7'	b'00fc'	 -0.0234 	 -0.0975	  0.9828	       0	       0
-2041648204	 1617161022	 03376	-58.0	21   	1    	b'fff9'	b'ffe8'	b'00fc'	 -0.0273 	 -0.0936	  0.9828	       0	       0
-2041648184	 1617161022	 03376	-58.0	22   	1    	b'fff8'	b'ffe8'	b'00fb'	 -0.0312 	 -0.0936	  0.9789	       0	       0
-2041648164	 1617161022	 03376	-59.5	23   	1    	b'fffa'	b'ffe7'	b'00fa'	 -0.0234 	 -0.0975	   0.975	       0	       0
-2041648144	 1617161022	 03376	-59.5	24   	1    	b'fff8'	b'ffe8'	b'00fa'	 -0.0312 	 -0.0936	   0.975	       0	       0
-2041648124	 1617161022	 03376	-58.0	25   	1    	b'fff8'	b'ffe8'	b'00f9'	 -0.0312 	 -0.0936	  0.9711	       0	       0
-2041648104	 1617161022	 03376	-58.0	26   	1    	b'fff7'	b'ffe8'	b'00fb'	 -0.0351 	 -0.0936	  0.9789	       0	       0
-2041648084	 1617161022	 03376	-58.0	27   	1    	b'fff8'	b'ffe9'	b'00fc'	 -0.0312 	 -0.0897	  0.9828	       0	       0
-2041648064	 1617161022	 03376	-58.5	28   	1    	b'fff8'	b'ffe8'	b'00fb'	 -0.0312 	 -0.0936	  0.9789	       0	       0
-2041648044	 1617161022	 03376	-59.5	29   	1    	b'fffb'	b'ffe8'	b'00f9'	 -0.0195 	 -0.0936	  0.9711	       0	       0
-2041648024	 1617161022	 03376	-58.0	30   	1    	b'fff8'	b'ffe9'	b'00fa'	 -0.0312 	 -0.0897	   0.975	       0	       0
-2041648004	 1617161022	 03376	-58.0	31   	1    	b'fffb'	b'ffe8'	b'00fa'	 -0.0195 	 -0.0936	   0.975	       0	       0
-2041647984	 1617161022	 03376	-59.5	32   	1    	b'fff7'	b'ffe9'	b'00fb'	 -0.0351 	 -0.0897	  0.9789	       0	       0
-2041647964	 1617161022	 03376	-59.5	33   	1    	b'fff9'	b'ffe8'	b'00fb'	 -0.0273 	 -0.0936	  0.9789	       0	       0
-2041647944	 1617161022	 03376	-60.5	34   	1    	b'fff8'	b'ffe8'	b'00fb'	 -0.0312 	 -0.0936	  0.9789	       0	       0
-2041647924	 1617161022	 03376	-59.0	35   	1    	b'fff9'	b'ffe9'	b'00fc'	 -0.0273 	 -0.0897	  0.9828	       0	       0
-2041647904	 1617161022	 03376	-59.5	36   	1    	b'fff8'	b'ffe9'	b'00f9'	 -0.0312 	 -0.0897	  0.9711	       0	       0
-2041647884	 1617161022	 03376	-59.0	37   	1    	b'fff9'	b'ffe7'	b'00fa'	 -0.0273 	 -0.0975	   0.975	       0	       0
-2041647865	 1617161022	 03376	-58.0	38   	1    	b'fff9'	b'ffe8'	b'00fc'	 -0.0273 	 -0.0936	  0.9828	       0	       0
-2041647845	 1617161022	 03376	-59.0	39   	1    	b'fff8'	b'ffe9'	b'00fc'	 -0.0312 	 -0.0897	  0.9828	       0	       0
-2041647825	 1617161022	 03376	-59.5	40   	1    	b'fff8'	b'ffe8'	b'00fa'	 -0.0312 	 -0.0936	   0.975	       0	       0
-2041647805	 1617161022	 03376	-59.0	41   	1    	b'fff9'	b'ffe7'	b'00fc'	 -0.0273 	 -0.0975	  0.9828	       0	       0
-2041647785	 1617161022	 03376	-58.0	42   	1    	b'fff9'	b'ffe8'	b'00fc'	 -0.0273 	 -0.0936	  0.9828	       0	       0
-2041647765	 1617161022	 03376	-59.0	43   	1    	b'fff8'	b'ffe8'	b'00fb'	 -0.0312 	 -0.0936	  0.9789	       0	       0
-2041647745	 1617161022	 03376	-59.5	44   	1    	b'fff8'	b'ffe9'	b'00fc'	 -0.0312 	 -0.0897	  0.9828	       0	       0
-2041647725	 1617161022	 03376	-58.0	45   	1    	b'fff7'	b'ffe7'	b'00fb'	 -0.0351 	 -0.0975	  0.9789	       0	       0
-2041647705	 1617161022	 03376	-59.5	46   	1    	b'fff9'	b'ffe8'	b'00fa'	 -0.0273 	 -0.0936	   0.975	       0	       0
-2041647685	 1617161022	 03376	-59.5	47   	1    	b'fff7'	b'ffe9'	b'00fc'	 -0.0351 	 -0.0897	  0.9828	       0	       0
-2041647665	 1617161022	 03376	-58.0	48   	1    	b'fff9'	b'ffe8'	b'00fc'	 -0.0273 	 -0.0936	  0.9828	       0	       0
-2041647645	 1617161022	 03376	-58.0	49   	1    	b'fff8'	b'ffe7'	b'00fb'	 -0.0312 	 -0.0975	  0.9789	       0	       0
-2041647625	 1617161022	 03376	-58.0	50   	1    	b'fff9'	b'ffe8'	b'00fb'	 -0.0273 	 -0.0936	  0.9789	       0	       0
-2041647605	 1617161022	 03376	-59.5	51   	1    	b'fff8'	b'ffe8'	b'00fb'	 -0.0312 	 -0.0936	  0.9789	       0	       0
-2041647561	 1617161023	 03376	-58.0	52   	1    	b'fff9'	b'ffe8'	b'00fa'	 -0.0273 	 -0.0936	   0.975	       0	       0
-2041647559	 1617161023	 03376	-58.0	53   	1    	b'fff8'	b'ffe7'	b'00fc'	 -0.0312 	 -0.0975	  0.9828	       0	       0
-2041647545	 1617161023	 03376	-58.0	54   	1    	b'fff8'	b'ffe9'	b'00fb'	 -0.0312 	 -0.0897	  0.9789	       0	       0
-2041647525	 1617161023	 03376	-59.0	55   	1    	b'fffa'	b'ffe8'	b'00fa'	 -0.0234 	 -0.0936	   0.975	       0	       0
-2041647505	 1617161023	 03376	-59.5	56   	1    	b'fff9'	b'ffe8'	b'00f9'	 -0.0273 	 -0.0936	  0.9711	       0	       0
-2041647485	 1617161023	 03376	-58.0	57   	1    	b'fff9'	b'ffe9'	b'00fa'	 -0.0273 	 -0.0897	   0.975	       0	       0
-2041647466	 1617161023	 03376	-58.0	58   	1    	b'fffa'	b'ffe7'	b'00fb'	 -0.0234 	 -0.0975	  0.9789	       0	       0
-2041647446	 1617161023	 03376	-59.0	59   	1    	b'fff8'	b'ffe8'	b'00fb'	 -0.0312 	 -0.0936	  0.9789	       0	       0
-2041647426	 1617161023	 03376	-59.0	60   	1    	b'fff7'	b'ffe8'	b'00fa'	 -0.0351 	 -0.0936	   0.975	       0	       0
-2041647406	 1617161023	 03376	-58.0	61   	1    	b'fff7'	b'ffe8'	b'00fb'	 -0.0351 	 -0.0936	  0.9789	       0	       0
-2041647386	 1617161023	 03376	-57.5	62   	1    	b'fff8'	b'ffe8'	b'00fc'	 -0.0312 	 -0.0936	  0.9828	       0	       0
-2041647366	 1617161023	 03376	-58.0	63   	1    	b'fff7'	b'ffe9'	b'00fb'	 -0.0351 	 -0.0897	  0.9789	       0	       0
-2041647346	 1617161023	 03376	-58.5	64   	1    	b'fff8'	b'ffe9'	b'00fb'	 -0.0312 	 -0.0897	  0.9789	       0	       0
-2041647326	 1617161023	 03376	-59.5	65   	1    	b'fffa'	b'ffe8'	b'00fb'	 -0.0234 	 -0.0936	  0.9789	       0	       0
-2041647306	 1617161023	 03376	-59.5	66   	1    	b'fffa'	b'ffe7'	b'00fb'	 -0.0234 	 -0.0975	  0.9789	       0	       0
-2041647286	 1617161023	 03376	-59.0	67   	1    	b'fff9'	b'ffe8'	b'00fd'	 -0.0273 	 -0.0936	  0.9867	       0	       0
-2041647266	 1617161023	 03376	-59.0	68   	1    	b'fff9'	b'ffe9'	b'00fc'	 -0.0273 	 -0.0897	  0.9828	       0	       0
-2041647246	 1617161023	 03376	-58.0	69   	1    	b'fff8'	b'ffe7'	b'00fb'	 -0.0312 	 -0.0975	  0.9789	       0	       0
-2041647226	 1617161023	 03376	-59.5	70   	1    	b'fff9'	b'ffe9'	b'00fb'	 -0.0273 	 -0.0897	  0.9789	       0	       0
-2041647206	 1617161023	 03376	-58.0	71   	1    	b'fff9'	b'ffe7'	b'00fb'	 -0.0273 	 -0.0975	  0.9789	       0	       0
-2041647186	 1617161023	 03376	-58.0	72   	1    	b'fff9'	b'ffe8'	b'00fa'	 -0.0273 	 -0.0936	   0.975	       0	       0
-2041647166	 1617161023	 03376	-59.5	73   	1    	b'fff9'	b'ffe7'	b'00fb'	 -0.0273 	 -0.0975	  0.9789	       0	       0
-2041647146	 1617161023	 03376	-58.0	74   	1    	b'fff8'	b'ffe8'	b'00fb'	 -0.0312 	 -0.0936	  0.9789	       0	       0
-2041647126	 1617161023	 03376	-59.5	75   	1    	b'fff8'	b'ffe7'	b'00fb'	 -0.0312 	 -0.0975	  0.9789	       0	       0
-2041647106	 1617161023	 03376	-59.5	76   	1    	b'fff8'	b'ffe9'	b'00f9'	 -0.0312 	 -0.0897	  0.9711	       0	       0
-2041647087	 1617161023	 03376	-59.5	77   	1    	b'fff9'	b'ffe8'	b'00fb'	 -0.0273 	 -0.0936	  0.9789	       0	       0
-2041647067	 1617161023	 03376	-58.0	78   	1    	b'fff7'	b'ffe9'	b'00fb'	 -0.0351 	 -0.0897	  0.9789	       0	       0
-2041647047	 1617161023	 03376	-58.0	79   	1    	b'fff8'	b'ffe7'	b'00fc'	 -0.0312 	 -0.0975	  0.9828	       0	       0
-2041647027	 1617161023	 03376	-59.5	80   	1    	b'fff7'	b'ffe9'	b'00fb'	 -0.0351 	 -0.0897	  0.9789	       0	       0
-2041647007	 1617161023	 03376	-59.0	81   	1    	b'fff7'	b'ffe9'	b'00fb'	 -0.0351 	 -0.0897	  0.9789	       0	       0
-2041646987	 1617161023	 03376	-58.5	82   	1    	b'fff9'	b'ffe8'	b'00fa'	 -0.0273 	 -0.0936	   0.975	       0	       0
-2041646967	 1617161023	 03376	-59.5	83   	1    	b'fff8'	b'ffe8'	b'00fb'	 -0.0312 	 -0.0936	  0.9789	       0	       0
-2041646947	 1617161023	 03376	-59.0	84   	1    	b'fffb'	b'ffe9'	b'00fa'	 -0.0195 	 -0.0897	   0.975	       0	       0
-2041646927	 1617161023	 03376	-59.0	85   	1    	b'fff9'	b'ffe7'	b'00fb'	 -0.0273 	 -0.0975	  0.9789	       0	       0
-2041646907	 1617161023	 03376	-59.5	86   	1    	b'fff9'	b'ffe8'	b'00fc'	 -0.0273 	 -0.0936	  0.9828	       0	       0
-2041646887	 1617161023	 03376	-58.5	87   	1    	b'fff8'	b'ffe8'	b'00fc'	 -0.0312 	 -0.0936	  0.9828	       0	       0
-2041646867	 1617161023	 03376	-59.0	88   	1    	b'fff8'	b'ffe8'	b'00f9'	 -0.0312 	 -0.0936	  0.9711	       0	       0
-2041646847	 1617161023	 03376	-59.0	89   	1    	b'fff8'	b'ffe8'	b'00fa'	 -0.0312 	 -0.0936	   0.975	       0	       0
-2041646807	 1617161023	 03376	-59.0	91   	1    	b'fff8'	b'ffe8'	b'00fb'	 -0.0312 	 -0.0936	  0.9789	       0	       0
-2041646787	 1617161023	 03376	-59.5	92   	1    	b'fff9'	b'ffe9'	b'00fa'	 -0.0273 	 -0.0897	   0.975	       0	       0
-2041646767	 1617161023	 03376	-58.0	93   	1    	b'fff8'	b'ffe8'	b'00fb'	 -0.0312 	 -0.0936	  0.9789	       0	       0
-2041646747	 1617161023	 03376	-59.5	94   	1    	b'fff9'	b'ffe8'	b'00fb'	 -0.0273 	 -0.0936	  0.9789	       0	       0
-2041646728	 1617161023	 03376	-59.0	95   	1    	b'fff9'	b'ffe8'	b'00fa'	 -0.0273 	 -0.0936	   0.975	       0	       0
-2041646708	 1617161023	 03376	-59.5	96   	1    	b'fff8'	b'ffe8'	b'00fa'	 -0.0312 	 -0.0936	   0.975	       0	       0
-2041646688	 1617161023	 03376	-58.0	97   	1    	b'fff9'	b'ffe7'	b'00fc'	 -0.0273 	 -0.0975	  0.9828	       0	       0
-2041646668	 1617161023	 03376	-59.0	98   	1    	b'fff9'	b'ffe9'	b'00fc'	 -0.0273 	 -0.0897	  0.9828	       0	       0
-2041646648	 1617161023	 03376	-58.0	99   	1    	b'fffa'	b'ffe8'	b'00fa'	 -0.0234 	 -0.0936	   0.975	       0	       0
-2041646628	 1617161023	 03376	-58.0	100  	1    	b'fff7'	b'ffe8'	b'00fc'	 -0.0351 	 -0.0936	  0.9828	       0	       0
-2041646608	 1617161023	 03376	-59.0	101  	1    	b'fffa'	b'ffe7'	b'00fb'	 -0.0234 	 -0.0975	  0.9789	       0	       0
-2041646588	 1617161024	 03376	-59.0	102  	1    	b'fff9'	b'ffe8'	b'00fb'	 -0.0273 	 -0.0936	  0.9789	       0	       0
-2041646568	 1617161024	 03376	-58.0	103  	1    	b'fff8'	b'ffea'	b'00fb'	 -0.0312 	 -0.0858	  0.9789	       0	       0
-2041646548	 1617161024	 03376	-59.5	104  	1    	b'fff9'	b'ffe8'	b'00fb'	 -0.0273 	 -0.0936	  0.9789	       0	       0
-2041646528	 1617161024	 03376	-58.0	105  	1    	b'fff9'	b'ffe8'	b'00fb'	 -0.0273 	 -0.0936	  0.9789	       0	       0
-2041646508	 1617161024	 03376	-59.0	106  	1    	b'fff6'	b'ffe8'	b'00fc'	  -0.039 	 -0.0936	  0.9828	       0	       0
-2041646488	 1617161024	 03376	-58.5	107  	1    	b'fff8'	b'ffe8'	b'00fc'	 -0.0312 	 -0.0936	  0.9828	       0	       0
-2041646468	 1617161024	 03376	-59.0	108  	1    	b'fff9'	b'ffe8'	b'00fb'	 -0.0273 	 -0.0936	  0.9789	       0	       0
-2041646448	 1617161024	 03376	-59.5	109  	1    	b'fff8'	b'ffe8'	b'00fd'	 -0.0312 	 -0.0936	  0.9867	       0	       0
-2041646428	 1617161024	 03376	-59.5	110  	1    	b'fff8'	b'ffe9'	b'00fb'	 -0.0312 	 -0.0897	  0.9789	       0	       0
-2041646408	 1617161024	 03376	-59.0	111  	1    	b'fff7'	b'ffe7'	b'00fa'	 -0.0351 	 -0.0975	   0.975	       0	       0
-2041646388	 1617161024	 03376	-58.5	112  	1    	b'fff8'	b'ffe9'	b'00fa'	 -0.0312 	 -0.0897	   0.975	       0	       0
-2041646368	 1617161024	 03376	-58.0	113  	1    	b'fffa'	b'ffe8'	b'00fb'	 -0.0234 	 -0.0936	  0.9789	       0	       0
-2041646348	 1617161024	 03376	-58.0	114  	1    	b'fff9'	b'ffe8'	b'00fa'	 -0.0273 	 -0.0936	   0.975	       0	       0
-2041646328	 1617161024	 03376	-59.0	115  	1    	b'fff8'	b'ffe8'	b'00f9'	 -0.0312 	 -0.0936	  0.9711	       0	       0
-2041646309	 1617161024	 03376	-59.0	116  	1    	b'fff8'	b'ffe8'	b'00fa'	 -0.0312 	 -0.0936	   0.975	       0	       0
-2041646289	 1617161024	 03376	-58.0	117  	1    	b'fff8'	b'ffe9'	b'00fb'	 -0.0312 	 -0.0897	  0.9789	       0	       0
-2041646269	 1617161024	 03376	-59.5	118  	1    	b'fff8'	b'ffe8'	b'00fc'	 -0.0312 	 -0.0936	  0.9828	       0	       0
-2041646249	 1617161024	 03376	-59.0	119  	1    	b'fff7'	b'ffe8'	b'00fa'	 -0.0351 	 -0.0936	   0.975	       0	       0
-2041646229	 1617161024	 03376	-59.5	120  	1    	b'fff9'	b'ffea'	b'00fb'	 -0.0273 	 -0.0858	  0.9789	       0	       0
-2041646191	 1617161024	 03376	-59.0	121  	1    	b'fff8'	b'ffe9'	b'00fb'	 -0.0312 	 -0.0897	  0.9789	       0	       0
-2041646189	 1617161024	 03376	-58.0	122  	1    	b'fff9'	b'ffe9'	b'00f9'	 -0.0273 	 -0.0897	  0.9711	       0	       0
-2041646169	 1617161024	 03376	-58.0	123  	1    	b'fff7'	b'ffe9'	b'00fb'	 -0.0351 	 -0.0897	  0.9789	       0	       0
-2041646149	 1617161024	 03376	-59.0	124  	1    	b'fffa'	b'ffe7'	b'00fb'	 -0.0234 	 -0.0975	  0.9789	       0	       0
-2041646129	 1617161024	 03376	-59.0	125  	1    	b'fff6'	b'ffe8'	b'00fc'	  -0.039 	 -0.0936	  0.9828	       0	       0
-2041646109	 1617161024	 03376	-59.5	126  	1    	b'fff7'	b'ffea'	b'00fa'	 -0.0351 	 -0.0858	   0.975	       0	       0
-2041646089	 1617161024	 03376	-59.5	127  	1    	b'fff8'	b'ffe8'	b'00fa'	 -0.0312 	 -0.0936	   0.975	       0	       0
-2041646069	 1617161024	 03376	-58.0	128  	1    	b'fff9'	b'ffe8'	b'00fb'	 -0.0273 	 -0.0936	  0.9789	       0	       0
-2041646049	 1617161024	 03376	-58.0	129  	1    	b'fff7'	b'ffe7'	b'00fb'	 -0.0351 	 -0.0975	  0.9789	       0	       0
-2041646029	 1617161024	 03376	-59.5	130  	1    	b'fff9'	b'ffe8'	b'00fb'	 -0.0273 	 -0.0936	  0.9789	       0	       0
-2041646009	 1617161024	 03376	-59.5	131  	1    	b'fff9'	b'ffe8'	b'00fc'	 -0.0273 	 -0.0936	  0.9828	       0	       0
-2041645989	 1617161024	 03376	-59.0	132  	1    	b'fff8'	b'ffe8'	b'00fb'	 -0.0312 	 -0.0936	  0.9789	       0	       0
-2041645969	 1617161024	 03376	-58.0	133  	1    	b'fff7'	b'ffe8'	b'00fc'	 -0.0351 	 -0.0936	  0.9828	       0	       0
-2041645949	 1617161024	 03376	-59.5	134  	1    	b'fff9'	b'ffe8'	b'00fc'	 -0.0273 	 -0.0936	  0.9828	       0	       0
-2041645929	 1617161024	 03376	-59.0	135  	1    	b'fff8'	b'ffe8'	b'00fb'	 -0.0312 	 -0.0936	  0.9789	       0	       0
-2041645909	 1617161024	 03376	-59.0	136  	1    	b'fff8'	b'ffe8'	b'00fa'	 -0.0312 	 -0.0936	   0.975	       0	       0
-2041645889	 1617161024	 03376	-59.0	137  	1    	b'fffa'	b'ffe8'	b'00fc'	 -0.0234 	 -0.0936	  0.9828	       0	       0
-2041645870	 1617161024	 03376	-58.5	138  	1    	b'fff9'	b'ffe8'	b'00fc'	 -0.0273 	 -0.0936	  0.9828	       0	       0
-2041645850	 1617161024	 03376	-58.0	139  	1    	b'fff7'	b'ffea'	b'00fb'	 -0.0351 	 -0.0858	  0.9789	       0	       0
-2041645830	 1617161024	 03376	-59.5	140  	1    	b'fff9'	b'ffe8'	b'00fa'	 -0.0273 	 -0.0936	   0.975	       0	       0
-2041645810	 1617161024	 03376	-59.0	141  	1    	b'fffb'	b'ffe8'	b'00fc'	 -0.0195 	 -0.0936	  0.9828	       0	       0
-2041645790	 1617161025	 03376	-58.0	142  	1    	b'fff9'	b'ffe8'	b'00fc'	 -0.0273 	 -0.0936	  0.9828	       0	       0
-2041645770	 1617161025	 03376	-58.5	143  	1    	b'fff9'	b'ffe9'	b'00fb'	 -0.0273 	 -0.0897	  0.9789	       0	       0
-2041645750	 1617161025	 03376	-59.0	144  	1    	b'fff9'	b'ffe8'	b'00fc'	 -0.0273 	 -0.0936	  0.9828	       0	       0
-2041645730	 1617161025	 03376	-59.5	145  	1    	b'fff8'	b'ffe8'	b'00fa'	 -0.0312 	 -0.0936	   0.975	       0	       0
-2041645710	 1617161025	 03376	-58.5	146  	1    	b'fff9'	b'ffe8'	b'00fb'	 -0.0273 	 -0.0936	  0.9789	       0	       0
-2041645690	 1617161025	 03376	-58.0	147  	1    	b'fff8'	b'ffe9'	b'00fa'	 -0.0312 	 -0.0897	   0.975	       0	       0
-2041645670	 1617161025	 03376	-59.0	148  	1    	b'fff8'	b'ffe9'	b'00fb'	 -0.0312 	 -0.0897	  0.9789	       0	       0
-2041645650	 1617161025	 03376	-59.0	149  	1    	b'fff9'	b'ffea'	b'00fb'	 -0.0273 	 -0.0858	  0.9789	       0	       0
-2041645630	 1617161025	 03376	-58.0	150  	1    	b'fff7'	b'ffe9'	b'00fc'	 -0.0351 	 -0.0897	  0.9828	       0	       0
-2041645610	 1617161025	 03376	-59.0	151  	1    	b'fffa'	b'ffe7'	b'00fc'	 -0.0234 	 -0.0975	  0.9828	       0	       0
-2041645590	 1617161025	 03376	-57.5	152  	1    	b'fff8'	b'ffe7'	b'00fa'	 -0.0312 	 -0.0975	   0.975	       0	       0
-2041645570	 1617161025	 03376	-58.0	153  	1    	b'fffa'	b'ffe9'	b'00fb'	 -0.0234 	 -0.0897	  0.9789	       0	       0
-2041645550	 1617161025	 03376	-59.5	154  	1    	b'fffa'	b'ffe7'	b'00fa'	 -0.0234 	 -0.0975	   0.975	       0	       0
-2041645530	 1617161025	 03376	-59.5	155  	1    	b'fff9'	b'ffe8'	b'00fb'	 -0.0273 	 -0.0936	  0.9789	       0	       0
-2041645510	 1617161025	 03376	-59.0	156  	1    	b'fff7'	b'ffe6'	b'00fb'	 -0.0351 	 -0.1014	  0.9789	       0	       0
-2041645490	 1617161025	 03376	-59.5	157  	1    	b'fff9'	b'ffe8'	b'00fb'	 -0.0273 	 -0.0936	  0.9789	       0	       0
-2041645470	 1617161025	 03376	-59.0	158  	1    	b'fffa'	b'ffe7'	b'00fb'	 -0.0234 	 -0.0975	  0.9789	       0	       0
-2041645450	 1617161025	 03376	-59.0	159  	1    	b'fff7'	b'ffe8'	b'00fa'	 -0.0351 	 -0.0936	   0.975	       0	       0
-2041645431	 1617161025	 03376	-58.0	160  	1    	b'fff8'	b'ffe7'	b'00f9'	 -0.0312 	 -0.0975	  0.9711	       0	       0
-2041645411	 1617161025	 03376	-59.5	161  	1    	b'fff6'	b'ffe8'	b'00fa'	  -0.039 	 -0.0936	   0.975	       0	       0
-2041645391	 1617161025	 03376	-59.5	162  	1    	b'fff9'	b'ffe7'	b'00fb'	 -0.0273 	 -0.0975	  0.9789	       0	       0
-2041645371	 1617161025	 03376	-59.0	163  	1    	b'fff8'	b'ffe8'	b'00fb'	 -0.0312 	 -0.0936	  0.9789	       0	       0
-2041645351	 1617161025	 03376	-59.5	164  	1    	b'fffa'	b'ffe7'	b'00fb'	 -0.0234 	 -0.0975	  0.9789	       0	       0
-2041645331	 1617161025	 03376	-58.5	165  	1    	b'fffa'	b'ffe8'	b'00fb'	 -0.0234 	 -0.0936	  0.9789	       0	       0
-2041645311	 1617161025	 03376	-59.0	166  	1    	b'fff7'	b'ffea'	b'00fb'	 -0.0351 	 -0.0858	  0.9789	       0	       0
-2041645291	 1617161025	 03376	-58.0	167  	1    	b'fff7'	b'ffe9'	b'00fc'	 -0.0351 	 -0.0897	  0.9828	       0	       0
-2041645271	 1617161025	 03376	-58.0	168  	1    	b'fff9'	b'ffe7'	b'00fb'	 -0.0273 	 -0.0975	  0.9789	       0	       0
-2041645251	 1617161025	 03376	-59.0	169  	1    	b'fff8'	b'ffe6'	b'00fa'	 -0.0312 	 -0.1014	   0.975	       0	       0
-2041645231	 1617161025	 03376	-58.0	170  	1    	b'fff8'	b'ffea'	b'00fa'	 -0.0312 	 -0.0858	   0.975	       0	       0
-2041645211	 1617161025	 03376	-59.5	171  	1    	b'fff7'	b'ffe9'	b'00fb'	 -0.0351 	 -0.0897	  0.9789	       0	       0
-2041645191	 1617161025	 03376	-59.0	172  	1    	b'fff9'	b'ffe7'	b'00fc'	 -0.0273 	 -0.0975	  0.9828	       0	       0
-2041645171	 1617161025	 03376	-58.0	173  	1    	b'fff9'	b'ffe8'	b'00fd'	 -0.0273 	 -0.0936	  0.9867	       0	       0
-2041645151	 1617161025	 03376	-59.5	174  	1    	b'fff9'	b'ffe8'	b'00fc'	 -0.0273 	 -0.0936	  0.9828	       0	       0
-2041645131	 1617161025	 03376	-58.0	175  	1    	b'fff9'	b'ffe9'	b'00fa'	 -0.0273 	 -0.0897	   0.975	       0	       0
-2041645111	 1617161025	 03376	-58.0	176  	1    	b'fffa'	b'ffe8'	b'00fb'	 -0.0234 	 -0.0936	  0.9789	       0	       0
-2041645091	 1617161025	 03376	-59.5	177  	1    	b'fff9'	b'ffe8'	b'00fc'	 -0.0273 	 -0.0936	  0.9828	       0	       0
-2041645071	 1617161025	 03376	-58.5	178  	1    	b'fff9'	b'ffe7'	b'00fc'	 -0.0273 	 -0.0975	  0.9828	       0	       0
-2041645052	 1617161025	 03376	-58.5	179  	1    	b'fffa'	b'ffe8'	b'00fb'	 -0.0234 	 -0.0936	  0.9789	       0	       0
-2041645032	 1617161025	 03376	-58.5	180  	1    	b'fff9'	b'ffe8'	b'00fb'	 -0.0273 	 -0.0936	  0.9789	       0	       0
-2041645012	 1617161025	 03376	-58.5	181  	1    	b'fffa'	b'ffe8'	b'00fc'	 -0.0234 	 -0.0936	  0.9828	       0	       0
-2041644992	 1617161025	 03376	-58.5	182  	1    	b'fff8'	b'ffe8'	b'00fa'	 -0.0312 	 -0.0936	   0.975	       0	       0
-2041644972	 1617161025	 03376	-58.5	183  	1    	b'fff8'	b'ffe8'	b'00fa'	 -0.0312 	 -0.0936	   0.975	       0	       0
-2041644952	 1617161025	 03376	-58.5	184  	1    	b'fffa'	b'ffe8'	b'00fb'	 -0.0234 	 -0.0936	  0.9789	       0	       0
-2041644932	 1617161025	 03376	-58.5	185  	1    	b'fff9'	b'ffe8'	b'00fb'	 -0.0273 	 -0.0936	  0.9789	       0	       0
-2041644912	 1617161025	 03376	-58.5	186  	1    	b'fff8'	b'ffe8'	b'00fa'	 -0.0312 	 -0.0936	   0.975	       0	       0
-2041644892	 1617161025	 03376	-59.0	187  	1    	b'fff9'	b'ffe7'	b'00fc'	 -0.0273 	 -0.0975	  0.9828	       0	       0
-2041644872	 1617161025	 03376	-59.0	188  	1    	b'fff8'	b'ffe8'	b'00fc'	 -0.0312 	 -0.0936	  0.9828	       0	       0
-2041644831	 1617161025	 03376	-58.5	189  	1    	b'fff9'	b'ffe9'	b'00fb'	 -0.0273 	 -0.0897	  0.9789	       0	       0
-2041644829	 1617161025	 03376	-58.5	190  	1    	b'fff8'	b'ffe8'	b'00fb'	 -0.0312 	 -0.0936	  0.9789	       0	       0
-2041644812	 1617161025	 03376	-58.5	191  	1    	b'fff8'	b'ffe8'	b'00fb'	 -0.0312 	 -0.0936	  0.9789	       0	       0
-2041644792	 1617161026	 03376	-58.5	192  	1    	b'fff7'	b'ffe7'	b'00fc'	 -0.0351 	 -0.0975	  0.9828	       0	       0
-2041644772	 1617161026	 03376	-58.5	193  	1    	b'fff7'	b'ffe8'	b'00fc'	 -0.0351 	 -0.0936	  0.9828	       0	       0
-2041644752	 1617161026	 03376	-58.5	194  	1    	b'fff9'	b'ffe7'	b'00fb'	 -0.0273 	 -0.0975	  0.9789	       0	       0
-2041644732	 1617161026	 03376	-58.5	195  	1    	b'fff7'	b'ffe8'	b'00fd'	 -0.0351 	 -0.0936	  0.9867	       0	       0
-2041644712	 1617161026	 03376	-58.5	196  	1    	b'fff8'	b'ffe9'	b'00fb'	 -0.0312 	 -0.0897	  0.9789	       0	       0
-2041644692	 1617161026	 03376	-58.5	197  	1    	b'fff8'	b'ffe8'	b'00fb'	 -0.0312 	 -0.0936	  0.9789	       0	       0
-2041644672	 1617161026	 03376	-58.5	198  	1    	b'fff8'	b'ffe7'	b'00fb'	 -0.0312 	 -0.0975	  0.9789	       0	       0
-2041644653	 1617161026	 03376	-58.5	199  	1    	b'fff8'	b'ffe8'	b'00fa'	 -0.0312 	 -0.0936	   0.975	       0	       0
-2041644633	 1617161026	 03376	-58.5	200  	1    	b'fff6'	b'ffe9'	b'00fc'	  -0.039 	 -0.0897	  0.9828	       0	       0
-2041644613	 1617161026	 03376	-58.5	201  	1    	b'fff9'	b'ffe9'	b'00fc'	 -0.0273 	 -0.0897	  0.9828	       0	       0
-2041644593	 1617161026	 03376	-59.5	202  	1    	b'fff8'	b'ffe8'	b'00f9'	 -0.0312 	 -0.0936	  0.9711	       0	       0
-2041644573	 1617161026	 03376	-58.0	203  	1    	b'fff9'	b'ffe7'	b'00fc'	 -0.0273 	 -0.0975	  0.9828	       0	       0
-2041644553	 1617161026	 03376	-58.5	204  	1    	b'fffb'	b'ffe7'	b'00fc'	 -0.0195 	 -0.0975	  0.9828	       0	       0
-2041644533	 1617161026	 03376	-58.5	205  	1    	b'fff9'	b'ffe8'	b'00fb'	 -0.0273 	 -0.0936	  0.9789	       0	       0
-2041644513	 1617161026	 03376	-59.0	206  	1    	b'fff7'	b'ffe7'	b'00fc'	 -0.0351 	 -0.0975	  0.9828	       0	       0
-2041644493	 1617161026	 03376	-58.5	207  	1    	b'fff9'	b'ffe7'	b'00fa'	 -0.0273 	 -0.0975	   0.975	       0	       0
-2041644473	 1617161026	 03376	-58.5	208  	1    	b'fffa'	b'ffe7'	b'00fc'	 -0.0234 	 -0.0975	  0.9828	       0	       0
-2041644453	 1617161026	 03376	-58.5	209  	1    	b'fff9'	b'ffe9'	b'00fc'	 -0.0273 	 -0.0897	  0.9828	       0	       0
-2041644433	 1617161026	 03376	-58.5	210  	1    	b'fff9'	b'ffe8'	b'00fb'	 -0.0273 	 -0.0936	  0.9789	       0	       0
-2041644413	 1617161026	 03376	-58.5	211  	1    	b'fff8'	b'ffe7'	b'00fc'	 -0.0312 	 -0.0975	  0.9828	       0	       0
-2041644393	 1617161026	 03376	-58.5	212  	1    	b'fff9'	b'ffe8'	b'00fb'	 -0.0273 	 -0.0936	  0.9789	       0	       0
-2041644373	 1617161026	 03376	-58.5	213  	1    	b'fffa'	b'ffe7'	b'00fa'	 -0.0234 	 -0.0975	   0.975	       0	       0
-2041644353	 1617161026	 03376	-58.5	214  	1    	b'fff8'	b'ffe9'	b'00fb'	 -0.0312 	 -0.0897	  0.9789	       0	       0
-2041644333	 1617161026	 03376	-58.5	215  	1    	b'fffb'	b'ffe7'	b'00fa'	 -0.0195 	 -0.0975	   0.975	       0	       0
-2041644313	 1617161026	 03376	-58.5	216  	1    	b'fffa'	b'ffe6'	b'00fb'	 -0.0234 	 -0.1014	  0.9789	       0	       0
-2041644293	 1617161026	 03376	-58.5	217  	1    	b'fff7'	b'ffe8'	b'00f9'	 -0.0351 	 -0.0936	  0.9711	       0	       0
-2041644273	 1617161026	 03376	-58.5	218  	1    	b'fffa'	b'ffe7'	b'00fc'	 -0.0234 	 -0.0975	  0.9828	       0	       0
-2041644253	 1617161026	 03376	-58.5	219  	1    	b'fff8'	b'ffe8'	b'00fa'	 -0.0312 	 -0.0936	   0.975	       0	       0
-2041644234	 1617161026	 03376	-58.5	220  	1    	b'fffa'	b'ffe8'	b'00fb'	 -0.0234 	 -0.0936	  0.9789	       0	       0
-2041644214	 1617161026	 03376	-58.5	221  	1    	b'fff8'	b'ffe7'	b'00fa'	 -0.0312 	 -0.0975	   0.975	       0	       0
-2041644194	 1617161026	 03376	-58.5	222  	1    	b'fffa'	b'ffe8'	b'00fd'	 -0.0234 	 -0.0936	  0.9867	       0	       0
-2041644174	 1617161026	 03376	-59.0	223  	1    	b'fff7'	b'ffe8'	b'00fa'	 -0.0351 	 -0.0936	   0.975	       0	       0
-2041644154	 1617161026	 03376	-58.5	224  	1    	b'fff9'	b'ffe9'	b'00fc'	 -0.0273 	 -0.0897	  0.9828	       0	       0
-2041644134	 1617161026	 03376	-58.5	225  	1    	b'fff9'	b'ffe8'	b'00fb'	 -0.0273 	 -0.0936	  0.9789	       0	       0
-2041644114	 1617161026	 03376	-58.5	226  	1    	b'fff9'	b'ffe8'	b'00fa'	 -0.0273 	 -0.0936	   0.975	       0	       0
-2041644094	 1617161026	 03376	-58.5	227  	1    	b'fff9'	b'ffe7'	b'00fb'	 -0.0273 	 -0.0975	  0.9789	       0	       0
-2041644074	 1617161026	 03376	-59.0	228  	1    	b'fff8'	b'ffe9'	b'00fc'	 -0.0312 	 -0.0897	  0.9828	       0	       0
-2041644054	 1617161026	 03376	-59.0	229  	1    	b'fff9'	b'ffe7'	b'00fb'	 -0.0273 	 -0.0975	  0.9789	       0	       0
-2041644034	 1617161026	 03376	-59.0	230  	1    	b'fffb'	b'ffe7'	b'00fb'	 -0.0195 	 -0.0975	  0.9789	       0	       0
-2041644014	 1617161026	 03376	-57.5	231  	1    	b'fff8'	b'ffe8'	b'00fb'	 -0.0312 	 -0.0936	  0.9789	       0	       0
-2041643994	 1617161026	 03376	-58.5	232  	1    	b'fffa'	b'ffe7'	b'00fa'	 -0.0234 	 -0.0975	   0.975	       0	       0
-2041643974	 1617161026	 03376	-59.5	233  	1    	b'fffb'	b'ffe8'	b'00fc'	 -0.0195 	 -0.0936	  0.9828	       0	       0
-2041643954	 1617161026	 03376	-58.5	234  	1    	b'fff9'	b'ffe9'	b'00fb'	 -0.0273 	 -0.0897	  0.9789	       0	       0
-2041643934	 1617161026	 03376	-59.0	235  	1    	b'fff8'	b'ffe7'	b'00fc'	 -0.0312 	 -0.0975	  0.9828	       0	       0
-2041643914	 1617161026	 03376	-58.5	236  	1    	b'fff9'	b'ffe8'	b'00fc'	 -0.0273 	 -0.0936	  0.9828	       0	       0
-2041643894	 1617161026	 03376	-58.5	237  	1    	b'fff8'	b'ffe7'	b'00fb'	 -0.0312 	 -0.0975	  0.9789	       0	       0
-2041643874	 1617161026	 03376	-59.0	238  	1    	b'fffa'	b'ffe7'	b'00fe'	 -0.0234 	 -0.0975	  0.9906	       0	       0
-2041643855	 1617161026	 03376	-58.5	239  	1    	b'fff9'	b'ffe8'	b'00fb'	 -0.0273 	 -0.0936	  0.9789	       0	       0
-2041643835	 1617161026	 03376	-58.5	240  	1    	b'fff7'	b'ffe9'	b'00fb'	 -0.0351 	 -0.0897	  0.9789	       0	       0
-2041643815	 1617161026	 03376	-59.0	241  	1    	b'fff9'	b'ffe9'	b'00fb'	 -0.0273 	 -0.0897	  0.9789	       0	       0
-2041643795	 1617161026	 03376	-59.0	242  	1    	b'fff8'	b'ffe9'	b'00fc'	 -0.0312 	 -0.0897	  0.9828	       0	       0
-2041643775	 1617161026	 03376	-58.5	243  	1    	b'fff9'	b'ffe9'	b'00fb'	 -0.0273 	 -0.0897	  0.9789	       0	       0
-2041643755	 1617161026	 03376	-58.5	244  	1    	b'fff9'	b'ffe8'	b'00fb'	 -0.0273 	 -0.0936	  0.9789	       0	       0
-2041643735	 1617161026	 03376	-58.5	245  	1    	b'fff7'	b'ffe9'	b'00fb'	 -0.0351 	 -0.0897	  0.9789	       0	       0
-2041643715	 1617161026	 03376	-58.5	246  	1    	b'fff7'	b'ffe9'	b'00fa'	 -0.0351 	 -0.0897	   0.975	       0	       0
-2041643695	 1617161026	 03376	-58.5	247  	1    	b'fff8'	b'ffe9'	b'00fa'	 -0.0312 	 -0.0897	   0.975	       0	       0
-2041643675	 1617161026	 03376	-58.5	248  	1    	b'fffa'	b'ffe9'	b'00fa'	 -0.0234 	 -0.0897	   0.975	       0	       0
-2041643655	 1617161026	 03376	-58.5	249  	1    	b'fff8'	b'ffe7'	b'00fa'	 -0.0312 	 -0.0975	   0.975	       0	       0
-2041643635	 1617161026	 03376	-58.5	250  	1    	b'fff9'	b'ffe8'	b'00fc'	 -0.0273 	 -0.0936	  0.9828	       0	       0
-2041643615	 1617161026	 03376	-58.5	251  	1    	b'fff8'	b'ffe8'	b'00fc'	 -0.0312 	 -0.0936	  0.9828	       0	       0
-2041643595	 1617161026	 03376	-58.5	252  	1    	b'fff8'	b'ffe8'	b'00fb'	 -0.0312 	 -0.0936	  0.9789	       0	       0
