1642452303891 1.0 35.465545654296875 11040.0 26.305877685546875 783.5878295898438 27.75 -43.20000076293945 21.538000106811523 -0.27458620071411133 -0.03922659903764725 10.081235885620117 16.0 23.0 8.0 25536.0
1642452303902 1.0 35.465545654296875 11040.0 26.305877685546875 783.5878295898438 27.75 -43.20000076293945 21.538000106811523 0.03922659903764725 0.0 0.0 16.0 23.0 8.0 0.0
1642452303913 1.0 35.465545654296875 11040.0 26.305877685546875 783.5878295898438 27.75 -43.20000076293945 21.538000106811523 -0.353039413690567 0.03922659903764725 10.081235885620117 16.0 23.0 8.0 25536.0
1642452303923 1.0 35.465545654296875 11040.0 26.305877685546875 783.5878295898438 27.75 -43.20000076293945 21.538000106811523 -0.39226600527763367 0.03922659903764725 10.081235885620117 45.0 25.0 12.0 24704.0
1642452303934 1.0 35.465545654296875 11040.0 26.305877685546875 783.5878295898438 27.75 -43.20000076293945 21.538000106811523 -0.313812792301178 0.0784531980752945 10.120462417602539 45.0 25.0 12.0 25088.0
1642452303944 1.0 35.465545654296875 11040.0 26.305877685546875 783.5878295898438 27.75 -43.20000076293945 21.538000106811523 -0.27458620071411133 0.03922659903764725 10.002782821655273 16.0 16.0 16.0 24896.0
1642452303955 1.0 35.465545654296875 11040.0 26.305877685546875 783.5878295898438 27.75 -43.20000076293945 21.538000106811523 -0.313812792301178 0.03922659903764725 10.081235885620117 16.0 16.0 16.0 23808.0
1642452303965 1.0 35.465545654296875 11040.0 26.305877685546875 783.5878295898438 27.75 -43.20000076293945 21.538000106811523 -0.313812792301178 0.03922659903764725 10.081235885620117 35.0 20.0 9.0 21120.0
1642452303975 1.0 35.465545654296875 11040.0 26.305877685546875 783.5878295898438 27.75 -43.20000076293945 21.538000106811523 -0.353039413690567 -0.03922659903764725 10.1989164352417 35.0 20.0 9.0 25280.0
1642452303986 1.0 35.465545654296875 11040.0 26.305877685546875 783.5878295898438 27.75 -43.20000076293945 21.538000106811523 -0.313812792301178 0.0 10.042009353637695 23.0 13.0 6.0 21376.0
1642452303996 1.0 35.465545654296875 11040.0 26.305877685546875 783.5878295898438 27.75 -43.20000076293945 21.538000106811523 -0.353039413690567 0.11767979711294174 10.081235885620117 23.0 13.0 6.0 23680.0
1642452304006 1.0 35.465545654296875 11040.0 26.305877685546875 783.5878295898438 27.75 -43.20000076293945 21.538000106811523 -0.4314925968647003 0.0784531980752945 10.081235885620117 23.0 13.0 6.0 21376.0
1642452304017 1.0 35.465545654296875 11040.0 26.305877685546875 783.5878295898438 27.75 -43.20000076293945 21.538000106811523 -0.313812792301178 0.11767979711294174 10.159688949584961 23.0 13.0 6.0 25152.0
1642452304027 1.0 35.465545654296875 11040.0 26.305877685546875 783.5878295898438 27.75 -43.20000076293945 21.538000106811523 -0.39226600527763367 0.0784531980752945 10.120462417602539 23.0 13.0 6.0 21312.0
1642452304037 1.0 35.465545654296875 11040.0 26.305877685546875 783.5878295898438 27.75 -43.20000076293945 21.538000106811523 -0.47071918845176697 0.23535959422588348 10.120462417602539 23.0 13.0 6.0 24832.0
1642452304048 1.0 35.465545654296875 11040.0 26.305877685546875 783.5878295898438 27.75 -43.20000076293945 21.538000106811523 -0.23535959422588348 -0.03922659903764725 9.92432975769043 23.0 13.0 6.0 23808.0
1642452304058 1.0 35.465545654296875 11040.0 26.305877685546875 783.5878295898438 27.75 -43.20000076293945 21.538000106811523 -0.353039413690567 0.0 10.042009353637695 23.0 13.0 6.0 24960.0
1642452304068 1.0 35.48976516723633 5962.0 26.302248001098633 783.6214599609375 27.75 -43.20000076293945 21.538000106811523 -0.353039413690567 0.0 10.042009353637695 23.0 13.0 6.0 24576.0
1642452304079 1.0 35.48976516723633 5962.0 26.302248001098633 783.6214599609375 27.75 -43.20000076293945 21.538000106811523 -0.313812792301178 0.11767979711294174 10.042009353637695 23.0 13.0 6.0 26432.0
1642452304089 1.0 35.48976516723633 5962.0 26.302248001098633 783.6214599609375 27.75 -43.20000076293945 21.538000106811523 -0.4314925968647003 0.03922659903764725 10.042009353637695 23.0 13.0 6.0 25088.0
1642452304099 1.0 35.48976516723633 5962.0 26.302248001098633 783.6214599609375 27.0 -42.599998474121094 18.634000778198242 -0.39226600527763367 0.0784531980752945 10.120462417602539 23.0 13.0 6.0 25344.0
1642452304110 1.0 35.48976516723633 5962.0 26.302248001098633 783.6214599609375 27.0 -42.599998474121094 18.634000778198242 -0.313812792301178 0.0784531980752945 10.002782821655273 23.0 13.0 6.0 24704.0
1642452304120 1.0 35.48976516723633 5962.0 26.302248001098633 783.6214599609375 27.0 -42.599998474121094 18.634000778198242 -0.353039413690567 0.11767979711294174 10.120462417602539 23.0 13.0 6.0 24320.0
1642452304130 1.0 35.48976516723633 5962.0 26.302248001098633 783.6214599609375 27.0 -42.599998474121094 18.634000778198242 -0.27458620071411133 -0.03922659903764725 10.002782821655273 23.0 13.0 6.0 24256.0
1642452304141 1.0 35.48976516723633 5962.0 26.302248001098633 783.6214599609375 27.0 -42.599998474121094 18.634000778198242 -0.39226600527763367 0.03922659903764725 10.159688949584961 23.0 13.0 6.0 24192.0
1642452304151 1.0 35.48976516723633 5962.0 26.302248001098633 783.6214599609375 27.0 -42.599998474121094 18.634000778198242 -0.27458620071411133 0.11767979711294174 10.120462417602539 23.0 13.0 6.0 24256.0
1642452304161 1.0 35.48976516723633 5962.0 26.302248001098633 783.6214599609375 27.0 -42.599998474121094 18.634000778198242 -0.27458620071411133 0.11767979711294174 10.159688949584961 23.0 13.0 6.0 24576.0
1642452304172 1.0 35.48976516723633 5962.0 26.302248001098633 783.6214599609375 27.0 -42.599998474121094 18.634000778198242 -0.353039413690567 -0.0784531980752945 10.081235885620117 23.0 13.0 6.0 24320.0
1642452304182 1.0 35.48976516723633 5962.0 26.302248001098633 783.6214599609375 27.0 -42.599998474121094 18.634000778198242 -0.353039413690567 0.0 10.081235885620117 23.0 13.0 6.0 25088.0
1642452304192 1.0 35.48976516723633 5962.0 26.302248001098633 783.6214599609375 27.0 -42.599998474121094 18.634000778198242 -0.313812792301178 0.03922659903764725 9.963556289672852 23.0 13.0 6.0 24384.0
1642452304203 1.0 35.48976516723633 5962.0 26.302248001098633 783.6214599609375 27.0 -42.599998474121094 18.634000778198242 -0.353039413690567 0.03922659903764725 10.042009353637695 23.0 13.0 6.0 25408.0
1642452304213 1.0 35.48976516723633 5962.0 26.302248001098633 783.6214599609375 27.0 -42.599998474121094 18.634000778198242 -0.27458620071411133 0.0784531980752945 10.002782821655273 23.0 13.0 6.0 24576.0
1642452304223 1.0 35.48976516723633 5962.0 26.302248001098633 783.6214599609375 27.0 -42.599998474121094 18.634000778198242 -0.23535959422588348 0.0 10.159688949584961 23.0 13.0 6.0 24448.0
1642452304234 1.0 35.48976516723633 5962.0 26.302248001098633 783.6214599609375 27.0 -42.599998474121094 18.634000778198242 -0.313812792301178 0.03922659903764725 10.002782821655273 23.0 13.0 6.0 24192.0
1642452304244 1.0 35.48976516723633 5962.0 26.302248001098633 783.6214599609375 27.0 -42.599998474121094 18.634000778198242 -0.313812792301178 0.03922659903764725 10.042009353637695 23.0 13.0 6.0 24064.0
1642452304254 1.0 35.48976516723633 5962.0 26.302248001098633 783.6214599609375 27.0 -42.599998474121094 18.634000778198242 -0.313812792301178 0.0 10.159688949584961 23.0 13.0 6.0 24192.0
1642452304265 1.0 35.48976516723633 5962.0 26.302248001098633 783.6214599609375 27.0 -42.599998474121094 18.634000778198242 -0.39226600527763367 0.03922659903764725 10.081235885620117 23.0 13.0 6.0 24000.0
1642452304275 1.0 35.48976516723633 5962.0 26.302248001098633 783.6214599609375 27.0 -42.599998474121094 18.634000778198242 -0.353039413690567 0.0784531980752945 10.081235885620117 23.0 13.0 6.0 24384.0
1642452304285 1.0 35.48976516723633 5962.0 26.302248001098633 783.6214599609375 27.0 -42.599998474121094 18.634000778198242 -0.353039413690567 0.0 10.120462417602539 23.0 13.0 6.0 24512.0
1642452304296 1.0 35.48976516723633 5962.0 26.302248001098633 783.6214599609375 27.0 -42.599998474121094 18.634000778198242 -0.353039413690567 0.0784531980752945 10.002782821655273 23.0 13.0 6.0 24512.0
1642452304306 1.0 35.48976516723633 5962.0 26.302248001098633 783.6214599609375 27.0 -42.599998474121094 18.634000778198242 -0.353039413690567 0.0784531980752945 10.002782821655273 23.0 13.0 6.0 24320.0
1642452304320 1.0 35.48976516723633 5962.0 26.302248001098633 783.6214599609375 27.0 -42.599998474121094 18.634000778198242 -0.353039413690567 0.03922659903764725 10.159688949584961 23.0 13.0 6.0 24768.0
1642452304330 1.0 35.48976516723633 5962.0 26.302248001098633 783.6214599609375 26.700000762939453 -42.75 19.118000030517578 -0.313812792301178 0.0 10.120462417602539 23.0 13.0 6.0 24192.0
1642452304341 1.0 35.48976516723633 5962.0 26.302248001098633 783.6214599609375 26.700000762939453 -42.75 19.118000030517578 -0.4314925968647003 0.0784531980752945 10.042009353637695 23.0 13.0 6.0 24128.0
1642452304351 1.0 35.48976516723633 5962.0 26.302248001098633 783.6214599609375 26.700000762939453 -42.75 19.118000030517578 -0.353039413690567 0.0784531980752945 10.042009353637695 23.0 13.0 6.0 24256.0
1642452304361 1.0 35.48976516723633 5962.0 26.302248001098633 783.6214599609375 26.700000762939453 -42.75 19.118000030517578 -0.23535959422588348 0.0 10.1989164352417 23.0 13.0 6.0 24512.0
1642452304372 1.0 35.73234558105469 7398.0 26.34447479248047 783.8820190429688 26.700000762939453 -42.75 19.118000030517578 -0.23535959422588348 0.0 10.1989164352417 23.0 13.0 6.0 24640.0
1642452304382 1.0 35.73234558105469 7398.0 26.34447479248047 783.8820190429688 26.700000762939453 -42.75 19.118000030517578 -0.313812792301178 0.0 10.042009353637695 23.0 13.0 6.0 24640.0
1642452304392 1.0 35.73234558105469 7398.0 26.34447479248047 783.8820190429688 26.700000762939453 -42.75 19.118000030517578 -0.313812792301178 0.0 9.963556289672852 23.0 13.0 6.0 24128.0
1642452304403 1.0 35.73234558105469 7398.0 26.34447479248047 783.8820190429688 26.700000762939453 -42.75 19.118000030517578 -0.313812792301178 0.03922659903764725 10.081235885620117 23.0 13.0 6.0 24256.0
1642452304413 1.0 35.73234558105469 7398.0 26.34447479248047 783.8820190429688 26.700000762939453 -42.75 19.118000030517578 -0.313812792301178 0.0784531980752945 10.081235885620117 23.0 13.0 6.0 24320.0
1642452304423 1.0 35.73234558105469 7398.0 26.34447479248047 783.8820190429688 26.700000762939453 -42.75 19.118000030517578 -0.313812792301178 0.11767979711294174 10.120462417602539 23.0 13.0 6.0 25024.0
1642452304434 1.0 35.73234558105469 7398.0 26.34447479248047 783.8820190429688 26.700000762939453 -42.75 19.118000030517578 -0.313812792301178 0.0784531980752945 10.120462417602539 23.0 13.0 6.0 24384.0
1642452304444 1.0 35.73234558105469 7398.0 26.34447479248047 783.8820190429688 26.700000762939453 -42.75 19.118000030517578 -0.353039413690567 0.0784531980752945 10.081235885620117 23.0 13.0 6.0 24256.0
1642452304454 1.0 35.73234558105469 7398.0 26.34447479248047 783.8820190429688 26.700000762939453 -42.75 19.118000030517578 -0.313812792301178 -0.03922659903764725 10.002782821655273 23.0 13.0 6.0 23488.0
1642452304465 1.0 35.73234558105469 7398.0 26.34447479248047 783.8820190429688 26.700000762939453 -42.75 19.118000030517578 -0.353039413690567 0.03922659903764725 10.042009353637695 23.0 13.0 6.0 24320.0
1642452304475 1.0 35.73234558105469 7398.0 26.34447479248047 783.8820190429688 26.700000762939453 -42.75 19.118000030517578 -0.4314925968647003 0.0784531980752945 10.002782821655273 23.0 13.0 6.0 23872.0
1642452304485 1.0 35.73234558105469 7398.0 26.34447479248047 783.8820190429688 26.700000762939453 -42.75 19.118000030517578 -0.313812792301178 0.19613300263881683 9.92432975769043 23.0 13.0 6.0 24000.0
1642452304495 1.0 35.73234558105469 7398.0 26.34447479248047 783.8820190429688 26.700000762939453 -42.75 19.118000030517578 -0.313812792301178 0.19613300263881683 9.92432975769043 23.0 13.0 6.0 24640.0
1642452304506 1.0 35.73234558105469 7398.0 26.34447479248047 783.8820190429688 26.700000762939453 -42.75 19.118000030517578 -0.353039413690567 0.03922659903764725 10.081235885620117 23.0 13.0 6.0 24384.0
1642452304516 1.0 35.73234558105469 7398.0 26.34447479248047 783.8820190429688 26.700000762939453 -42.75 19.118000030517578 -0.313812792301178 0.0784531980752945 10.042009353637695 23.0 13.0 6.0 24000.0
1642452304526 1.0 35.73234558105469 7398.0 26.34447479248047 783.8820190429688 26.700000762939453 -42.75 19.118000030517578 -0.353039413690567 0.11767979711294174 10.042009353637695 23.0 13.0 6.0 23936.0
1642452304537 1.0 35.73234558105469 7398.0 26.34447479248047 783.8820190429688 26.700000762939453 -42.75 19.118000030517578 -0.39226600527763367 0.03922659903764725 10.120462417602539 23.0 13.0 6.0 24576.0
1642452304547 1.0 35.73234558105469 7398.0 26.34447479248047 783.8820190429688 26.700000762939453 -42.0 18.634000778198242 -0.23535959422588348 0.03922659903764725 10.042009353637695 23.0 13.0 6.0 24320.0
1642452304557 0.0 35.73234558105469 7398.0 26.34447479248047 783.8820190429688 26.700000762939453 -42.0 18.634000778198242 -0.47071918845176697 0.0 10.159688949584961 23.0 13.0 6.0 25024.0
1642452304568 0.0 35.73234558105469 7398.0 26.34447479248047 783.8820190429688 26.700000762939453 -42.0 18.634000778198242 -0.353039413690567 0.156906396150589 10.042009353637695 23.0 13.0 6.0 24448.0
1642452304578 0.0 35.73234558105469 7398.0 26.34447479248047 783.8820190429688 26.700000762939453 -42.0 18.634000778198242 -0.19613300263881683 0.03922659903764725 10.081235885620117 23.0 13.0 6.0 24064.0
1642452304588 0.0 35.73234558105469 7398.0 26.34447479248047 783.8820190429688 26.700000762939453 -42.0 18.634000778198242 -0.27458620071411133 0.0784531980752945 10.002782821655273 23.0 13.0 6.0 24192.0
1642452304599 0.0 35.73234558105469 7398.0 26.34447479248047 783.8820190429688 26.700000762939453 -42.0 18.634000778198242 -0.353039413690567 0.0784531980752945 10.120462417602539 23.0 13.0 6.0 24640.0
1642452304609 0.0 35.73234558105469 7398.0 26.34447479248047 783.8820190429688 26.700000762939453 -42.0 18.634000778198242 -0.313812792301178 0.03922659903764725 9.963556289672852 23.0 13.0 6.0 24320.0
1642452304619 0.0 35.73234558105469 7398.0 26.34447479248047 783.8820190429688 26.700000762939453 -42.0 18.634000778198242 -0.313812792301178 0.0784531980752945 10.042009353637695 23.0 13.0 6.0 24448.0
1642452304630 0.0 35.73234558105469 7398.0 26.34447479248047 783.8820190429688 26.700000762939453 -42.0 18.634000778198242 -0.353039413690567 0.03922659903764725 10.042009353637695 23.0 13.0 6.0 24064.0
1642452304640 0.0 35.73234558105469 7398.0 26.34447479248047 783.8820190429688 26.700000762939453 -42.0 18.634000778198242 -0.27458620071411133 0.03922659903764725 10.159688949584961 23.0 13.0 6.0 24384.0
1642452304650 0.0 35.73234558105469 7398.0 26.34447479248047 783.8820190429688 26.700000762939453 -42.0 18.634000778198242 -0.27458620071411133 0.0784531980752945 10.002782821655273 23.0 13.0 6.0 23616.0
1642452304661 0.0 36.02394485473633 8719.0 26.36833953857422 784.2069091796875 26.700000762939453 -42.0 18.634000778198242 -0.313812792301178 0.11767979711294174 10.120462417602539 23.0 13.0 6.0 24320.0
1642452304671 0.0 36.02394485473633 8719.0 26.36833953857422 784.2069091796875 26.700000762939453 -42.0 18.634000778198242 -0.313812792301178 0.0 10.042009353637695 23.0 13.0 6.0 24896.0
1642452304681 0.0 36.02394485473633 8719.0 26.36833953857422 784.2069091796875 26.700000762939453 -42.0 18.634000778198242 -0.313812792301178 0.0 10.002782821655273 23.0 13.0 6.0 25152.0
1642452304692 0.0 36.02394485473633 8719.0 26.36833953857422 784.2069091796875 26.700000762939453 -42.0 18.634000778198242 -0.27458620071411133 0.03922659903764725 10.159688949584961 23.0 13.0 6.0 24320.0
1642452304702 0.0 36.02394485473633 8719.0 26.36833953857422 784.2069091796875 26.700000762939453 -42.0 18.634000778198242 -0.313812792301178 -0.03922659903764725 10.002782821655273 23.0 13.0 6.0 23808.0
1642452304712 0.0 36.02394485473633 8719.0 26.36833953857422 784.2069091796875 26.700000762939453 -42.0 18.634000778198242 -0.27458620071411133 -0.03922659903764725 10.081235885620117 23.0 13.0 6.0 23936.0
1642452304723 0.0 36.02394485473633 8719.0 26.36833953857422 784.2069091796875 26.700000762939453 -42.0 18.634000778198242 -0.19613300263881683 -0.03922659903764725 10.002782821655273 23.0 13.0 6.0 23616.0
1642452304733 0.0 36.02394485473633 8719.0 26.36833953857422 784.2069091796875 26.700000762939453 -42.0 18.634000778198242 -0.23535959422588348 0.0784531980752945 9.92432975769043 23.0 13.0 6.0 24000.0
1642452304744 0.0 36.02394485473633 8719.0 26.36833953857422 784.2069091796875 26.700000762939453 -42.0 18.634000778198242 -0.313812792301178 0.03922659903764725 10.042009353637695 23.0 13.0 6.0 24064.0
1642452304754 0.0 36.02394485473633 8719.0 26.36833953857422 784.2069091796875 26.700000762939453 -42.0 18.634000778198242 -0.353039413690567 0.0 10.159688949584961 23.0 13.0 6.0 24192.0
1642452304764 0.0 36.02394485473633 8719.0 26.36833953857422 784.2069091796875 26.700000762939453 -42.0 18.634000778198242 -0.313812792301178 0.11767979711294174 10.002782821655273 23.0 13.0 6.0 24320.0
1642452304775 0.0 36.02394485473633 8719.0 26.36833953857422 784.2069091796875 26.700000762939453 -42.29999923706055 17.423999786376953 -0.313812792301178 0.0 10.081235885620117 23.0 13.0 6.0 23680.0
1642452304785 0.0 36.02394485473633 8719.0 26.36833953857422 784.2069091796875 26.700000762939453 -42.29999923706055 17.423999786376953 -0.313812792301178 0.0784531980752945 10.081235885620117 23.0 13.0 6.0 24320.0
1642452304795 0.0 36.02394485473633 8719.0 26.36833953857422 784.2069091796875 26.700000762939453 -42.29999923706055 17.423999786376953 -0.27458620071411133 0.11767979711294174 10.002782821655273 23.0 13.0 6.0 24000.0
1642452304806 0.0 36.02394485473633 8719.0 26.36833953857422 784.2069091796875 26.700000762939453 -42.29999923706055 17.423999786376953 -0.4314925968647003 0.0784531980752945 10.081235885620117 23.0 13.0 6.0 24320.0
1642452304816 0.0 36.02394485473633 8719.0 26.36833953857422 784.2069091796875 26.700000762939453 -42.29999923706055 17.423999786376953 -0.353039413690567 0.11767979711294174 10.081235885620117 23.0 13.0 6.0 25024.0
1642452304826 0.0 36.02394485473633 8719.0 26.36833953857422 784.2069091796875 26.700000762939453 -42.29999923706055 17.423999786376953 -0.353039413690567 0.03922659903764725 10.081235885620117 23.0 13.0 6.0 24384.0
1642452304837 0.0 36.02394485473633 8719.0 26.36833953857422 784.2069091796875 26.700000762939453 -42.29999923706055 17.423999786376953 -0.353039413690567 0.0784531980752945 10.081235885620117 23.0 13.0 6.0 22144.0
1642452304847 0.0 36.02394485473633 8719.0 26.36833953857422 784.2069091796875 26.700000762939453 -42.29999923706055 17.423999786376953 -0.23535959422588348 0.03922659903764725 10.120462417602539 23.0 13.0 6.0 23872.0
1642452304857 0.0 36.02394485473633 8719.0 26.36833953857422 784.2069091796875 26.700000762939453 -42.29999923706055 17.423999786376953 -0.353039413690567 0.0784531980752945 10.042009353637695 23.0 13.0 6.0 24512.0
1642452304868 0.0 36.02394485473633 8719.0 26.36833953857422 784.2069091796875 26.700000762939453 -42.29999923706055 17.423999786376953 -0.4314925968647003 0.0784531980752945 10.042009353637695 23.0 13.0 6.0 24512.0
1642452304878 0.0 36.02394485473633 8719.0 26.36833953857422 784.2069091796875 26.700000762939453 -42.29999923706055 17.423999786376953 -0.27458620071411133 0.0 9.885103225708008 23.0 13.0 6.0 24448.0
1642452304888 0.0 36.02394485473633 8719.0 26.36833953857422 784.2069091796875 26.700000762939453 -42.29999923706055 17.423999786376953 -0.313812792301178 0.0784531980752945 10.002782821655273 23.0 13.0 6.0 24768.0
1642452304899 0.0 36.02394485473633 8719.0 26.36833953857422 784.2069091796875 26.700000762939453 -42.29999923706055 17.423999786376953 -0.313812792301178 0.156906396150589 9.963556289672852 23.0 13.0 6.0 24000.0
1642452304909 0.0 36.02394485473633 8719.0 26.36833953857422 784.2069091796875 26.700000762939453 -42.29999923706055 17.423999786376953 -0.353039413690567 0.0784531980752945 9.92432975769043 23.0 13.0 6.0 23872.0
1642452304919 0.0 36.02394485473633 8719.0 26.36833953857422 784.2069091796875 26.700000762939453 -42.29999923706055 17.423999786376953 -0.313812792301178 0.0 10.081235885620117 23.0 13.0 6.0 24512.0
1642452304930 0.0 36.02394485473633 8719.0 26.36833953857422 784.2069091796875 26.700000762939453 -42.29999923706055 17.423999786376953 -0.353039413690567 0.0 10.081235885620117 23.0 13.0 6.0 24000.0
1642452304940 0.0 36.02394485473633 8719.0 26.36833953857422 784.2069091796875 26.700000762939453 -42.29999923706055 17.423999786376953 -0.353039413690567 0.0784531980752945 10.120462417602539 23.0 13.0 6.0 24832.0
1642452304950 0.0 36.02394485473633 8719.0 26.36833953857422 784.2069091796875 26.700000762939453 -42.29999923706055 17.423999786376953 -0.27458620071411133 0.03922659903764725 10.042009353637695 23.0 13.0 6.0 24704.0
1642452304961 0.0 36.302459716796875 9966.0 26.368724822998047 784.5056762695312 26.700000762939453 -42.29999923706055 17.423999786376953 -0.39226600527763367 0.0 10.081235885620117 23.0 13.0 6.0 24192.0
1642452304971 0.0 36.302459716796875 9966.0 26.368724822998047 784.5056762695312 26.700000762939453 -42.29999923706055 17.423999786376953 -0.39226600527763367 0.11767979711294174 10.1989164352417 23.0 13.0 6.0 24448.0
1642452304981 0.0 36.302459716796875 9966.0 26.368724822998047 784.5056762695312 26.700000762939453 -42.29999923706055 17.423999786376953 -0.39226600527763367 0.0784531980752945 10.120462417602539 23.0 13.0 6.0 24960.0
1642452304992 0.0 36.302459716796875 9966.0 26.368724822998047 784.5056762695312 26.700000762939453 -42.29999923706055 17.423999786376953 -0.27458620071411133 0.03922659903764725 10.159688949584961 23.0 13.0 6.0 23488.0
1642452305002 0.0 36.302459716796875 9966.0 26.368724822998047 784.5056762695312 27.0 -42.45000076293945 18.875999450683594 -0.313812792301178 0.0 10.081235885620117 23.0 13.0 6.0 23680.0
1642452305012 0.0 36.302459716796875 9966.0 26.368724822998047 784.5056762695312 27.0 -42.45000076293945 18.875999450683594 -0.4314925968647003 0.0 10.159688949584961 23.0 13.0 6.0 24704.0
1642452305023 0.0 36.302459716796875 9966.0 26.368724822998047 784.5056762695312 27.0 -42.45000076293945 18.875999450683594 -0.39226600527763367 0.156906396150589 10.002782821655273 23.0 13.0 6.0 25152.0
1642452305033 0.0 36.302459716796875 9966.0 26.368724822998047 784.5056762695312 27.0 -42.45000076293945 18.875999450683594 -0.23535959422588348 0.0 10.081235885620117 23.0 13.0 6.0 24768.0
1642452305043 0.0 36.302459716796875 9966.0 26.368724822998047 784.5056762695312 27.0 -42.45000076293945 18.875999450683594 -0.353039413690567 -0.03922659903764725 10.042009353637695 23.0 13.0 6.0 25024.0
1642452305054 0.0 36.302459716796875 9966.0 26.368724822998047 784.5056762695312 27.0 -42.45000076293945 18.875999450683594 -0.353039413690567 0.11767979711294174 10.042009353637695 23.0 13.0 6.0 24128.0
1642452305064 0.0 36.302459716796875 9966.0 26.368724822998047 784.5056762695312 27.0 -42.45000076293945 18.875999450683594 -0.27458620071411133 0.156906396150589 10.042009353637695 23.0 13.0 6.0 23424.0
1642452305074 0.0 36.302459716796875 9966.0 26.368724822998047 784.5056762695312 27.0 -42.45000076293945 18.875999450683594 -0.313812792301178 0.0 10.042009353637695 23.0 13.0 6.0 24576.0
1642452305085 0.0 36.302459716796875 9966.0 26.368724822998047 784.5056762695312 27.0 -42.45000076293945 18.875999450683594 -0.39226600527763367 0.0 10.159688949584961 23.0 13.0 6.0 23808.0
