Creation TS  	 Processing TS 	 TX ID 	 RSSI  	SEQ NO  	X-Axis 	Y-Axis 	Z-Axis 	  X  	  Y  	 Z 
--------------------------------------------------------------------------------------------------------------------
-1817246263	 1617385424	 03004	 -58.5     160  	b'fff5'	b'000e'	b'00ea'	-0.0429	0.0546	0.9126
-1817246262	 1617385424	 03004	 -59.5     150  	b'fffb'	b'000a'	b'00e8'	-0.0195	0.039	0.9048
-1817246241	 1617385424	 03004	 -59.5     151  	b'fff4'	b'000d'	b'00eb'	-0.0468	0.0507	0.9165
-1817246199	 1617385424	 03004	 -60.0     153  	b'fff2'	b'0010'	b'00ea'	-0.0546	0.0624	0.9126
-1817246178	 1617385424	 03004	 -59.0     154  	b'fff5'	b'000f'	b'00e9'	-0.0429	0.0585	0.9087
-1817246144	 1617385424	 03004	 -59.5     155  	b'fffb'	b'000e'	b'00e7'	-0.0195	0.0546	0.9009
-1817246137	 1617385424	 03004	 -59.5     156  	b'fffa'	b'000e'	b'00ea'	-0.0234	0.0546	0.9126
-1817246116	 1617385424	 03004	 -59.5     157  	b'fff5'	b'000f'	b'00e9'	-0.0429	0.0585	0.9087
-1817246095	 1617385424	 03004	 -59.5     158  	b'fff2'	b'000e'	b'00e9'	-0.0546	0.0546	0.9087
-1817246074	 1617385424	 03004	 -59.5     159  	b'fff5'	b'000c'	b'00e9'	-0.0429	0.0468	0.9087
-1817246053	 1617385424	 03004	 -59.5     160  	b'fff6'	b'000b'	b'00e9'	-0.039	0.0429	0.9087
-1817246032	 1617385424	 03004	 -59.5     161  	b'fff7'	b'000c'	b'00e8'	-0.0351	0.0468	0.9048
-1817246011	 1617385424	 03004	 -59.5     162  	b'fff5'	b'000f'	b'00e9'	-0.0429	0.0585	0.9087
-1817245990	 1617385424	 03004	 -59.5     163  	b'fff5'	b'000e'	b'00eb'	-0.0429	0.0546	0.9165
-1817245969	 1617385424	 03004	 -59.5     164  	b'fff4'	b'000f'	b'00eb'	-0.0468	0.0585	0.9165
-1817245949	 1617385424	 03004	 -59.5     165  	b'fff4'	b'000e'	b'00e8'	-0.0468	0.0546	0.9048
-1817245928	 1617385424	 03004	 -59.5     166  	b'fff8'	b'000e'	b'00ea'	-0.0312	0.0546	0.9126
-1817245907	 1617385424	 03004	 -59.0     167  	b'fff6'	b'000e'	b'00e7'	-0.039	0.0546	0.9009
-1817245886	 1617385424	 03004	 -59.5     168  	b'fff5'	b'000d'	b'00e9'	-0.0429	0.0507	0.9087
-1817245865	 1617385424	 03004	 -59.5     169  	b'fff3'	b'000e'	b'00e9'	-0.0507	0.0546	0.9087
-1817245844	 1617385424	 03004	 -59.0     170  	b'fff2'	b'000d'	b'00e9'	-0.0546	0.0507	0.9087
-1817245823	 1617385424	 03004	 -59.5     171  	b'fff6'	b'000c'	b'00ea'	-0.039	0.0468	0.9126
-1817245802	 1617385424	 03004	 -59.5     172  	b'fff7'	b'000b'	b'00e9'	-0.0351	0.0429	0.9087
-1817245782	 1617385424	 03004	 -59.5     173  	b'fff9'	b'000e'	b'00e7'	-0.0273	0.0546	0.9009
-1817245761	 1617385424	 03004	 -59.5     174  	b'fff5'	b'000f'	b'00e9'	-0.0429	0.0585	0.9087
-1817245740	 1617385424	 03004	 -60.5     175  	b'fff2'	b'0010'	b'00ea'	-0.0546	0.0624	0.9126
-1817245719	 1617385424	 03004	 -59.5     176  	b'fff6'	b'000c'	b'00e9'	-0.039	0.0468	0.9087
-1817245698	 1617385424	 03004	 -59.5     177  	b'fff6'	b'000c'	b'00e9'	-0.039	0.0468	0.9087
-1817245677	 1617385424	 03004	 -59.5     178  	b'fff6'	b'000d'	b'00e8'	-0.039	0.0507	0.9048
-1817245656	 1617385424	 03004	 -59.5     179  	b'fff4'	b'000d'	b'00e9'	-0.0468	0.0507	0.9087
-1817245635	 1617385424	 03004	 -59.0     180  	b'fff5'	b'000e'	b'00e9'	-0.0429	0.0546	0.9087
-1817245615	 1617385424	 03004	 -59.5     181  	b'fff4'	b'000f'	b'00e9'	-0.0468	0.0585	0.9087
-1817245594	 1617385424	 03004	 -59.5     182  	b'fff7'	b'000c'	b'00ea'	-0.0351	0.0468	0.9126
-1817245573	 1617385425	 03004	 -59.5     183  	b'fff6'	b'000e'	b'00e9'	-0.039	0.0546	0.9087
-1817245552	 1617385425	 03004	 -59.5     184  	b'fff8'	b'000c'	b'00e8'	-0.0312	0.0468	0.9048
-1817245531	 1617385425	 03004	 -59.0     185  	b'fff7'	b'000f'	b'00e9'	-0.0351	0.0585	0.9087
-1817245510	 1617385425	 03004	 -59.5     186  	b'fff5'	b'000f'	b'00e9'	-0.0429	0.0585	0.9087
-1817245489	 1617385425	 03004	 -59.0     187  	b'fff5'	b'000e'	b'00ea'	-0.0429	0.0546	0.9126
-1817245468	 1617385425	 03004	 -59.0     188  	b'fff6'	b'000d'	b'00e8'	-0.039	0.0507	0.9048
-1817245447	 1617385425	 03004	 -59.5     189  	b'fff5'	b'000d'	b'00e9'	-0.0429	0.0507	0.9087
-1817245427	 1617385425	 03004	 -59.5     190  	b'fff7'	b'000c'	b'00ea'	-0.0351	0.0468	0.9126
-1817245406	 1617385425	 03004	 -59.5     191  	b'fff7'	b'000f'	b'00e8'	-0.0351	0.0585	0.9048
-1817245385	 1617385425	 03004	 -59.0     192  	b'fff7'	b'000e'	b'00e9'	-0.0351	0.0546	0.9087
-1817245364	 1617385425	 03004	 -59.0     193  	b'fff5'	b'000e'	b'00e7'	-0.0429	0.0546	0.9009
-1817245343	 1617385425	 03004	 -59.0     194  	b'fff6'	b'000e'	b'00e9'	-0.039	0.0546	0.9087
-1817245322	 1617385425	 03004	 -59.0     195  	b'fff6'	b'000e'	b'00ea'	-0.039	0.0546	0.9126
-1817245301	 1617385425	 03004	 -59.0     196  	b'fff6'	b'000b'	b'00ea'	-0.039	0.0429	0.9126
-1817245239	 1617385425	 03004	 -58.5     199  	b'fff4'	b'000e'	b'00ec'	-0.0468	0.0546	0.9204
-1817245218	 1617385425	 03004	 -59.0     200  	b'fff2'	b'000e'	b'00e8'	-0.0546	0.0546	0.9048
-1817245197	 1617385425	 03004	 -58.5     201  	b'fff6'	b'000c'	b'00ea'	-0.039	0.0468	0.9126
-1817245176	 1617385425	 03004	 -58.5     202  	b'fff8'	b'000f'	b'00eb'	-0.0312	0.0585	0.9165
-1817245155	 1617385425	 03004	 -59.0     203  	b'fffc'	b'000d'	b'00e8'	-0.0156	0.0507	0.9048
-1817245134	 1617385425	 03004	 -59.0     204  	b'fff9'	b'000e'	b'00e9'	-0.0273	0.0546	0.9087
-1817245113	 1617385425	 03004	 -59.0     205  	b'fff4'	b'000c'	b'00e9'	-0.0468	0.0468	0.9087
-1817245093	 1617385425	 03004	 -58.5     206  	b'fff1'	b'000e'	b'00ea'	-0.0585	0.0546	0.9126
-1817245072	 1617385425	 03004	 -58.5     207  	b'fff3'	b'000f'	b'00e9'	-0.0507	0.0585	0.9087
-1817245051	 1617385425	 03004	 -59.5     208  	b'fff7'	b'000d'	b'00e9'	-0.0351	0.0507	0.9087
-1817245030	 1617385425	 03004	 -59.0     209  	b'fff8'	b'000d'	b'00e7'	-0.0312	0.0507	0.9009
-1817245009	 1617385425	 03004	 -58.5     210  	b'fff8'	b'000d'	b'00e8'	-0.0312	0.0507	0.9048
-1817244988	 1617385425	 03004	 -58.0     211  	b'fff5'	b'000d'	b'00e9'	-0.0429	0.0507	0.9087
-1817244967	 1617385425	 03004	 -56.5     212  	b'fff5'	b'000e'	b'00eb'	-0.0429	0.0546	0.9165
-1817244946	 1617385425	 03004	 -55.5     213  	b'fff5'	b'000d'	b'00e9'	-0.0429	0.0507	0.9087
-1817244913	 1617385425	 03004	 -55.0     214  	b'fff5'	b'000d'	b'00e9'	-0.0429	0.0507	0.9087
-1817244905	 1617385425	 03004	 -55.0     215  	b'fff8'	b'000d'	b'00e7'	-0.0312	0.0507	0.9009
-1817244884	 1617385425	 03004	 -54.5     216  	b'fff5'	b'000c'	b'00e8'	-0.0429	0.0468	0.9048
-1817244863	 1617385425	 03004	 -54.5     217  	b'fff4'	b'000f'	b'00e9'	-0.0468	0.0585	0.9087
-1817244842	 1617385425	 03004	 -54.0     218  	b'fff4'	b'000e'	b'00e9'	-0.0468	0.0546	0.9087
-1817244821	 1617385425	 03004	 -54.5     219  	b'fff5'	b'000f'	b'00e9'	-0.0429	0.0585	0.9087
-1817244779	 1617385425	 03004	 -55.0     221  	b'fff7'	b'000d'	b'00ea'	-0.0351	0.0507	0.9126
-1817244758	 1617385425	 03004	 -55.0     222  	b'fff5'	b'000d'	b'00e8'	-0.0429	0.0507	0.9048
-1817244738	 1617385425	 03004	 -55.0     223  	b'fff5'	b'000d'	b'00e8'	-0.0429	0.0507	0.9048
-1817244717	 1617385425	 03004	 -55.5     224  	b'fff4'	b'000c'	b'00ea'	-0.0468	0.0468	0.9126
-1817244696	 1617385425	 03004	 -56.0     225  	b'fff5'	b'000c'	b'00e7'	-0.0429	0.0468	0.9009
-1817244675	 1617385425	 03004	 -56.0     226  	b'fff6'	b'000d'	b'00e9'	-0.039	0.0507	0.9087
-1817244654	 1617385425	 03004	 -56.5     227  	b'fff8'	b'000e'	b'00e9'	-0.0312	0.0546	0.9087
-1817244633	 1617385425	 03004	 -56.5     228  	b'fff6'	b'000f'	b'00e7'	-0.039	0.0585	0.9009
-1817244612	 1617385425	 03004	 -56.0     229  	b'fff5'	b'000e'	b'00e9'	-0.0429	0.0546	0.9087
-1817244591	 1617385426	 03004	 -56.5     230  	b'fff6'	b'000e'	b'00e9'	-0.039	0.0546	0.9087
-1817244571	 1617385426	 03004	 -57.0     231  	b'ffe4'	b'fffd'	b'00f0'	-0.1092	-0.0117	0.936
-1817244550	 1617385426	 03004	 -56.5     232  	b'fff2'	b'0019'	b'00e3'	-0.0546	0.0975	0.8853
-1817244529	 1617385426	 03004	 -57.0     233  	b'0017'	b'0009'	b'00e9'	0.0897	0.0351	0.9087
-1817244508	 1617385426	 03004	 -57.5     234  	b'fff8'	b'0006'	b'00ed'	-0.0312	0.0234	0.9243
-1817244487	 1617385426	 03004	 -56.5     235  	b'0007'	b'001c'	b'00e3'	0.0273	0.1092	0.8853
-1817244466	 1617385426	 03004	 -57.5     236  	b'fff1'	b'0016'	b'00eb'	-0.0585	0.0858	0.9165
-1817244445	 1617385426	 03004	 -57.5     237  	b'ffeb'	b'0010'	b'00e6'	-0.0819	0.0624	0.897
-1817244424	 1617385426	 03004	 -57.5     238  	b'ffef'	b'000e'	b'00ea'	-0.0663	0.0546	0.9126
-1817244404	 1617385426	 03004	 -57.5     239  	b'0000'	b'0007'	b'00e8'	0.0  	0.0273	0.9048
-1817244383	 1617385426	 03004	 -57.0     240  	b'fffd'	b'0005'	b'00ea'	-0.0117	0.0195	0.9126
-1817244362	 1617385426	 03004	 -57.5     241  	b'0002'	b'0004'	b'00e5'	0.0078	0.0156	0.8931
-1817244341	 1617385426	 03004	 -57.0     242  	b'ffec'	b'0009'	b'00ed'	-0.078	0.0351	0.9243
-1817244299	 1617385426	 03004	 -56.5     244  	b'ffeb'	b'000d'	b'00e6'	-0.0819	0.0507	0.897
-1817244278	 1617385426	 03004	 -57.5     245  	b'ffff'	b'0005'	b'00e7'	-0.0039	0.0195	0.9009
-1817244257	 1617385426	 03004	 -57.5     246  	b'0000'	b'0004'	b'00ea'	0.0  	0.0156	0.9126
-1817244236	 1617385426	 03004	 -57.5     247  	b'fffa'	b'000b'	b'00e5'	-0.0234	0.0429	0.8931
-1817244216	 1617385426	 03004	 -56.5     248  	b'ffef'	b'000c'	b'00ee'	-0.0663	0.0468	0.9282
-1817244195	 1617385426	 03004	 -57.5     249  	b'fff4'	b'fffe'	b'00ec'	-0.0468	-0.0078	0.9204
-1817244174	 1617385426	 03004	 -57.5     250  	b'fff3'	b'0011'	b'00e7'	-0.0507	0.0663	0.9009
-1817244153	 1617385426	 03004	 -57.5     251  	b'fffc'	b'000c'	b'00ed'	-0.0156	0.0468	0.9243
-1817244132	 1617385426	 03004	 -57.5     252  	b'ffe8'	b'000c'	b'00ec'	-0.0936	0.0468	0.9204
-1817244111	 1617385426	 03004	 -57.5     253  	b'0000'	b'0009'	b'00e1'	0.0  	0.0351	0.8775
-1817244090	 1617385426	 03004	 -57.5     254  	b'ffe9'	b'000b'	b'00ed'	-0.0897	0.0429	0.9243
-1817244069	 1617385426	 03004	 -57.5     255  	b'0000'	b'0013'	b'00e6'	0.0  	0.0741	0.897
-1817244049	 1617385426	 03004	 -56.5     0    	b'ffff'	b'000b'	b'00ee'	-0.0039	0.0429	0.9282
-1817244028	 1617385426	 03004	 -57.0     1    	b'0001'	b'0008'	b'00eb'	0.0039	0.0312	0.9165
-1817244007	 1617385426	 03004	 -57.5     2    	b'fffd'	b'000c'	b'00ef'	-0.0117	0.0468	0.9321
-1817243986	 1617385426	 03004	 -57.5     3    	b'fffd'	b'0011'	b'00f0'	-0.0117	0.0663	0.936
-1817243965	 1617385426	 03004	 -57.0     4    	b'0002'	b'0008'	b'00f4'	0.0078	0.0312	0.9516
-1817243944	 1617385426	 03004	 -57.5     5    	b'fff9'	b'0012'	b'00f7'	-0.0273	0.0702	0.9633
-1817243923	 1617385426	 03004	 -57.5     6    	b'fff8'	b'0019'	b'00ff'	-0.0312	0.0975	0.9945
-1817243902	 1617385426	 03004	 -57.5     7    	b'fff4'	b'0007'	b'0103'	-0.0468	0.0273	1.0101
-1817243882	 1617385426	 03004	 -58.5     8    	b'fff6'	b'0001'	b'00fd'	-0.039	0.0039	0.9867
-1817243819	 1617385426	 03004	 -59.0     11   	b'ffdc'	b'ffff'	b'0103'	-0.1404	-0.0039	1.0101
-1817243798	 1617385426	 03004	 -58.5     12   	b'ffb8'	b'0013'	b'00f2'	-0.2808	0.0741	0.9438
-1817243777	 1617385426	 03004	 -58.5     13   	b'0030'	b'0012'	b'00e9'	0.1872	0.0702	0.9087
-1817243756	 1617385426	 03004	 -59.0     14   	b'ffce'	b'0004'	b'0128'	-0.195	0.0156	1.1544
-1817243735	 1617385426	 03004	 -59.0     15   	b'0055'	b'ffed'	b'00d2'	0.3315	-0.0741	0.819
-1817243715	 1617385426	 03004	 -58.5     16   	b'ffd6'	b'0005'	b'00e2'	-0.1638	0.0195	0.8814
-1817243694	 1617385426	 03004	 -58.5     17   	b'ffd0'	b'fff5'	b'00e0'	-0.1872	-0.0429	0.8736
-1817243673	 1617385426	 03004	 -57.5     18   	b'ffc6'	b'ffec'	b'00ed'	-0.2262	-0.078	0.9243
-1817243652	 1617385426	 03004	 -57.5     19   	b'ffc9'	b'fff6'	b'00e9'	-0.2145	-0.039	0.9087
-1817243631	 1617385426	 03004	 -55.5     20   	b'ffc8'	b'fffe'	b'00da'	-0.2184	-0.0078	0.8502
-1817243610	 1617385426	 03004	 -54.0     21   	b'ffc0'	b'ffdc'	b'00c9'	-0.2496	-0.1404	0.7839
-1817243589	 1617385427	 03004	 -53.0     22   	b'ffbe'	b'ffc9'	b'00a2'	-0.2574	-0.2145	0.6318
-1817243568	 1617385427	 03004	 -52.0     23   	b'ffb2'	b'ffc9'	b'0092'	-0.3042	-0.2145	0.5694
-1817243547	 1617385427	 03004	 -50.5     24   	b'ffa5'	b'ffd0'	b'0089'	-0.3549	-0.1872	0.5343
-1817243527	 1617385427	 03004	 -50.0     25   	b'ffbf'	b'ffc4'	b'005e'	-0.2535	-0.234	0.3666
-1817243506	 1617385427	 03004	 -49.5     26   	b'ff89'	b'ff8e'	b'004b'	-0.4641	-0.4446	0.2925
-1817243485	 1617385427	 03004	 -50.0     27   	b'ff8b'	b'ff80'	b'0014'	-0.4563	-0.4992	0.078
-1817243464	 1617385427	 03004	 -51.0     28   	b'ff98'	b'ff85'	b'ffea'	-0.4056	-0.4797	-0.0858
-1817243443	 1617385427	 03004	 -50.5     29   	b'ff97'	b'ff74'	b'ffb2'	-0.4095	-0.546	-0.3042
-1817243422	 1617385427	 03004	 -50.5     30   	b'ff9d'	b'ff54'	b'ff9f'	-0.3861	-0.6708	-0.3783
-1817243401	 1617385427	 03004	 -52.0     31   	b'ffb2'	b'ff47'	b'ff89'	-0.3042	-0.7215	-0.4641
-1817243381	 1617385427	 03004	 -52.5     32   	b'ffb6'	b'ff50'	b'ff75'	-0.2886	-0.6864	-0.5421
-1817243360	 1617385427	 03004	 -52.5     33   	b'ffb3'	b'ff50'	b'ff4d'	-0.3003	-0.6864	-0.6981
-1817243339	 1617385427	 03004	 -53.0     34   	b'ffc5'	b'ff59'	b'ff37'	-0.2301	-0.6513	-0.7839
-1817243318	 1617385427	 03004	 -53.5     35   	b'ffd0'	b'ff50'	b'ff39'	-0.1872	-0.6864	-0.7761
-1817243273	 1617385427	 03004	 -54.0     36   	b'ffc6'	b'ff4c'	b'ff39'	-0.2262	-0.702	-0.7761
-1817243272	 1617385427	 03004	 -54.5     37   	b'ffc6'	b'ff5c'	b'ff34'	-0.2262	-0.6396	-0.7956
-1817243244	 1617385427	 03004	 -55.0     38   	b'ffc8'	b'ff73'	b'ff26'	-0.2184	-0.5499	-0.8502
-1817243234	 1617385427	 03004	 -54.5     39   	b'ffdf'	b'ff78'	b'ff11'	-0.1287	-0.5304	-0.9321
-1817243214	 1617385427	 03004	 -55.0     40   	b'ffdb'	b'ff7c'	b'ff0d'	-0.1443	-0.5148	-0.9477
-1817243193	 1617385427	 03004	 -55.0     41   	b'ffc1'	b'ff7e'	b'ff20'	-0.2457	-0.507	-0.8736
-1817243172	 1617385427	 03004	 -55.0     42   	b'ffd8'	b'ff86'	b'ff1d'	-0.156	-0.4758	-0.8853
-1817243151	 1617385427	 03004	 -55.5     43   	b'ffda'	b'ff94'	b'ff1b'	-0.1482	-0.4212	-0.8931
-1817243130	 1617385427	 03004	 -55.0     44   	b'ffd6'	b'ff97'	b'ff29'	-0.1638	-0.4095	-0.8385
-1817243109	 1617385427	 03004	 -55.5     45   	b'ffce'	b'ff90'	b'ff1e'	-0.195	-0.4368	-0.8814
-1817243088	 1617385427	 03004	 -55.5     46   	b'ffce'	b'ff96'	b'ff1f'	-0.195	-0.4134	-0.8775
-1817243068	 1617385427	 03004	 -55.0     47   	b'ffd9'	b'ffa9'	b'ff2e'	-0.1521	-0.3393	-0.819
-1817243047	 1617385427	 03004	 -55.5     48   	b'ffca'	b'ffad'	b'ff3b'	-0.2106	-0.3237	-0.7683
-1817243026	 1617385427	 03004	 -55.5     49   	b'ffcb'	b'ffa8'	b'ff32'	-0.2067	-0.3432	-0.8034
-1817243005	 1617385427	 03004	 -55.5     50   	b'ffd4'	b'ffa6'	b'ff2a'	-0.1716	-0.351	-0.8346
-1817242984	 1617385427	 03004	 -55.5     51   	b'ffd0'	b'ffa3'	b'ff2a'	-0.1872	-0.3627	-0.8346
-1817242963	 1617385427	 03004	 -55.5     52   	b'ffcc'	b'ffa0'	b'ff2e'	-0.2028	-0.3744	-0.819
-1817242942	 1617385427	 03004	 -55.5     53   	b'ffcc'	b'ff98'	b'ff33'	-0.2028	-0.4056	-0.7995
-1817242921	 1617385427	 03004	 -55.5     54   	b'ffcf'	b'ff9d'	b'ff27'	-0.1911	-0.3861	-0.8463
-1817242900	 1617385427	 03004	 -54.5     55   	b'ffd5'	b'ff9c'	b'ff21'	-0.1677	-0.39	-0.8697
-1817242880	 1617385427	 03004	 -55.5     56   	b'ffd2'	b'ff9e'	b'ff29'	-0.1794	-0.3822	-0.8385
-1817242859	 1617385427	 03004	 -55.5     57   	b'ffce'	b'ffa3'	b'ff2e'	-0.195	-0.3627	-0.819
-1817242838	 1617385427	 03004	 -55.5     58   	b'ffcc'	b'ff9d'	b'ff2c'	-0.2028	-0.3861	-0.8268
-1817242817	 1617385427	 03004	 -55.5     59   	b'ffcb'	b'ff9e'	b'ff2d'	-0.2067	-0.3822	-0.8229
-1817242796	 1617385427	 03004	 -55.5     60   	b'ffcd'	b'ffa5'	b'ff2e'	-0.1989	-0.3549	-0.819
-1817242775	 1617385427	 03004	 -55.5     61   	b'ffcd'	b'ffa4'	b'ff2f'	-0.1989	-0.3588	-0.8151
-1817242754	 1617385427	 03004	 -55.5     62   	b'ffcc'	b'ff9e'	b'ff2b'	-0.2028	-0.3822	-0.8307
-1817242734	 1617385427	 03004	 -55.5     63   	b'ffcb'	b'ffa1'	b'ff2b'	-0.2067	-0.3705	-0.8307
-1817242713	 1617385427	 03004	 -55.5     64   	b'ffcc'	b'ff9c'	b'ff25'	-0.2028	-0.39	-0.8541
-1817242692	 1617385427	 03004	 -55.0     65   	b'ffcf'	b'ffa1'	b'ff26'	-0.1911	-0.3705	-0.8502
-1817242671	 1617385427	 03004	 -55.5     66   	b'ffcd'	b'ffa5'	b'ff2d'	-0.1989	-0.3549	-0.8229
-1817242650	 1617385427	 03004	 -55.5     67   	b'ffcc'	b'ffa7'	b'ff2c'	-0.2028	-0.3471	-0.8268
-1817242629	 1617385427	 03004	 -55.5     68   	b'ffc9'	b'ffa2'	b'ff2f'	-0.2145	-0.3666	-0.8151
-1817242608	 1617385427	 03004	 -55.5     69   	b'ffcd'	b'ffa0'	b'ff2e'	-0.1989	-0.3744	-0.819
-1817242587	 1617385428	 03004	 -55.0     70   	b'ffcc'	b'ffa1'	b'ff2a'	-0.2028	-0.3705	-0.8346
-1817242567	 1617385428	 03004	 -55.5     71   	b'ffcd'	b'ffa0'	b'ff2a'	-0.1989	-0.3744	-0.8346
-1817242546	 1617385428	 03004	 -55.0     72   	b'ffca'	b'ff9d'	b'ff2f'	-0.2106	-0.3861	-0.8151
-1817242525	 1617385428	 03004	 -55.0     73   	b'ffc8'	b'ff9b'	b'ff30'	-0.2184	-0.3939	-0.8112
-1817242504	 1617385428	 03004	 -55.0     74   	b'ffc5'	b'ff9f'	b'ff37'	-0.2301	-0.3783	-0.7839
-1817242483	 1617385428	 03004	 -55.0     75   	b'ffc9'	b'ff98'	b'ff34'	-0.2145	-0.4056	-0.7956
-1817242462	 1617385428	 03004	 -55.0     76   	b'ffcb'	b'ff98'	b'ff2b'	-0.2067	-0.4056	-0.8307
-1817242441	 1617385428	 03004	 -55.0     77   	b'ffcb'	b'ff9d'	b'ff2c'	-0.2067	-0.3861	-0.8268
-1817242399	 1617385428	 03004	 -55.0     79   	b'ffc6'	b'ff98'	b'ff36'	-0.2262	-0.4056	-0.7878
-1817242378	 1617385428	 03004	 -55.0     80   	b'ffc6'	b'ff94'	b'ff33'	-0.2262	-0.4212	-0.7995
-1817242358	 1617385428	 03004	 -55.0     81   	b'ffc5'	b'ff8d'	b'ff34'	-0.2301	-0.4485	-0.7956
-1817242337	 1617385428	 03004	 -55.0     82   	b'ffc3'	b'ff8b'	b'ff34'	-0.2379	-0.4563	-0.7956
-1817242316	 1617385428	 03004	 -54.5     83   	b'ffbe'	b'ff87'	b'ff3c'	-0.2574	-0.4719	-0.7644
-1817242295	 1617385428	 03004	 -54.0     84   	b'ffbf'	b'ff85'	b'ff3b'	-0.2535	-0.4797	-0.7683
-1817242274	 1617385428	 03004	 -54.0     85   	b'ffbb'	b'ff79'	b'ff36'	-0.2691	-0.5265	-0.7878
-1817242253	 1617385428	 03004	 -53.5     86   	b'ffb5'	b'ff6e'	b'ff3d'	-0.2925	-0.5694	-0.7605
-1817242232	 1617385428	 03004	 -53.5     87   	b'ffa7'	b'ff65'	b'ff48'	-0.3471	-0.6045	-0.7176
-1817242211	 1617385428	 03004	 -53.0     88   	b'ffb0'	b'ff64'	b'ff5b'	-0.312	-0.6084	-0.6435
-1817242191	 1617385428	 03004	 -52.5     89   	b'ffa8'	b'ff4e'	b'ff47'	-0.3432	-0.6942	-0.7215
-1817242170	 1617385428	 03004	 -52.0     90   	b'ff99'	b'ff2c'	b'ff45'	-0.4017	-0.8268	-0.7293
-1817242149	 1617385428	 03004	 -51.5     91   	b'ff86'	b'ff19'	b'ff69'	-0.4758	-0.9009	-0.5889
-1817242128	 1617385428	 03004	 -50.5     92   	b'ffac'	b'ff19'	b'ff99'	-0.3276	-0.9009	-0.4017
-1817242107	 1617385428	 03004	 -50.0     93   	b'ff9a'	b'ff0e'	b'ffa9'	-0.3978	-0.9438	-0.3393
-1817242086	 1617385428	 03004	 -49.0     94   	b'ff9d'	b'feff'	b'ffac'	-0.3861	-1.0023	-0.3276
-1817242065	 1617385428	 03004	 -50.5     95   	b'ff78'	b'ff07'	b'ffb9'	-0.5304	-0.9711	-0.2769
-1817242045	 1617385428	 03004	 -50.0     96   	b'ff7f'	b'ff33'	b'ffd2'	-0.5031	-0.7995	-0.1794
-1817242024	 1617385428	 03004	 -50.0     97   	b'ff96'	b'ff75'	b'fffc'	-0.4134	-0.5421	-0.0156
-1817242003	 1617385428	 03004	 -51.5     98   	b'ffad'	b'ffb0'	b'0028'	-0.3237	-0.312	0.156
-1817241982	 1617385428	 03004	 -52.5     99   	b'ff93'	b'ffc8'	b'0068'	-0.4251	-0.2184	0.4056
-1817241961	 1617385428	 03004	 -52.0     100  	b'ff63'	b'ffd9'	b'00ae'	-0.6123	-0.1521	0.6786
-1817241940	 1617385428	 03004	 -55.5     101  	b'ff82'	b'ffd8'	b'00d6'	-0.4914	-0.156	0.8346
-1817241919	 1617385428	 03004	 -55.5     102  	b'ffa6'	b'ffd9'	b'0094'	-0.351	-0.1521	0.5772
-1817241898	 1617385428	 03004	 -57.0     103  	b'ffad'	b'ffeb'	b'00a0'	-0.3237	-0.0819	0.624
-1817241877	 1617385428	 03004	 -58.0     104  	b'ffa3'	b'fff4'	b'00b0'	-0.3627	-0.0468	0.6864
-1817241857	 1617385428	 03004	 -57.5     105  	b'ffc1'	b'000b'	b'00ad'	-0.2457	0.0429	0.6747
-1817241836	 1617385428	 03004	 -58.0     106  	b'ffd3'	b'0027'	b'00c0'	-0.1755	0.1521	0.7488
-1817241815	 1617385428	 03004	 -58.5     107  	b'ffc5'	b'003b'	b'00f8'	-0.2301	0.2301	0.9672
-1817241794	 1617385428	 03004	 -59.0     108  	b'ffc5'	b'0033'	b'00f3'	-0.2301	0.1989	0.9477
-1817241773	 1617385428	 03004	 -59.0     109  	b'ffdc'	b'0026'	b'00eb'	-0.1404	0.1482	0.9165
-1817241752	 1617385428	 03004	 -59.0     110  	b'ffd1'	b'001f'	b'00f2'	-0.1833	0.1209	0.9438
-1817241731	 1617385428	 03004	 -58.5     111  	b'ffc6'	b'0014'	b'00ef'	-0.2262	0.078	0.9321
-1817241710	 1617385428	 03004	 -59.0     112  	b'ffd3'	b'0007'	b'00d0'	-0.1755	0.0273	0.8112
-1817241690	 1617385428	 03004	 -59.5     113  	b'ffd6'	b'000c'	b'00d7'	-0.1638	0.0468	0.8385
-1817241669	 1617385428	 03004	 -58.5     114  	b'ffd8'	b'0026'	b'00f5'	-0.156	0.1482	0.9555
-1817241648	 1617385428	 03004	 -59.0     115  	b'ffe7'	b'0031'	b'00f1'	-0.0975	0.1911	0.9399
-1817241627	 1617385428	 03004	 -59.0     116  	b'ffe8'	b'0032'	b'00f3'	-0.0936	0.195	0.9477
-1817241606	 1617385428	 03004	 -58.5     117  	b'0004'	b'0033'	b'018f'	0.0156	0.1989	1.5561
-1817241585	 1617385429	 03004	 -58.5     118  	b'fee8'	b'ff60'	b'01a5'	-1.092	-0.624	1.6419
-1817241564	 1617385429	 03004	 -59.0     119  	b'0026'	b'fff9'	b'00ae'	0.1482	-0.0273	0.6786
-1817241543	 1617385429	 03004	 -59.0     120  	b'fff1'	b'0007'	b'0122'	-0.0585	0.0273	1.131
-1817241522	 1617385429	 03004	 -58.5     121  	b'ffdc'	b'ffe7'	b'00f3'	-0.1404	-0.0975	0.9477
-1817241502	 1617385429	 03004	 -58.5     122  	b'ffe0'	b'fff2'	b'00b4'	-0.1248	-0.0546	0.702
-1817241460	 1617385429	 03004	 -58.0     124  	b'008f'	b'000a'	b'007f'	0.5577	0.039	0.4953
-1817241439	 1617385429	 03004	 -57.5     125  	b'ffde'	b'0011'	b'00e0'	-0.1326	0.0663	0.8736
-1817241418	 1617385429	 03004	 -57.5     126  	b'001c'	b'0021'	b'00e7'	0.1092	0.1287	0.9009
-1817241397	 1617385429	 03004	 -57.0     127  	b'006c'	b'ffdb'	b'00ff'	0.4212	-0.1443	0.9945
-1817241376	 1617385429	 03004	 -56.0     128  	b'002b'	b'ffc7'	b'0111'	0.1677	-0.2223	1.0647
-1817241355	 1617385429	 03004	 -56.0     129  	b'ffb6'	b'ffc9'	b'00fd'	-0.2886	-0.2145	0.9867
-1817241335	 1617385429	 03004	 -56.0     130  	b'ffd6'	b'fff3'	b'009b'	-0.1638	-0.0507	0.6045
-1817241303	 1617385429	 03004	 -56.0     131  	b'ffef'	b'0015'	b'00f4'	-0.0663	0.0819	0.9516
-1817241293	 1617385429	 03004	 -56.5     132  	b'ffd5'	b'0015'	b'0110'	-0.1677	0.0819	1.0608
-1817241272	 1617385429	 03004	 -57.0     133  	b'ffea'	b'000c'	b'00e8'	-0.0858	0.0468	0.9048
-1817241251	 1617385429	 03004	 -57.0     134  	b'fff1'	b'000f'	b'00e8'	-0.0585	0.0585	0.9048
-1817241230	 1617385429	 03004	 -57.5     135  	b'fff0'	b'0011'	b'00ed'	-0.0624	0.0663	0.9243
-1817241209	 1617385429	 03004	 -57.5     136  	b'fff2'	b'000f'	b'00eb'	-0.0546	0.0585	0.9165
-1817241188	 1617385429	 03004	 -58.0     137  	b'ffe5'	b'0015'	b'00c4'	-0.1053	0.0819	0.7644
-1817241167	 1617385429	 03004	 -58.5     138  	b'0001'	b'fffa'	b'00eb'	0.0039	-0.0234	0.9165
-1817241147	 1617385429	 03004	 -58.5     139  	b'fffe'	b'0015'	b'00e8'	-0.0078	0.0819	0.9048
-1817241126	 1617385429	 03004	 -57.0     140  	b'ffd0'	b'fff5'	b'00e9'	-0.1872	-0.0429	0.9087
-1817241105	 1617385429	 03004	 -58.0     141  	b'fffc'	b'0015'	b'00e6'	-0.0156	0.0819	0.897
-1817241084	 1617385429	 03004	 -57.5     142  	b'fff6'	b'000d'	b'00eb'	-0.039	0.0507	0.9165
-1817241063	 1617385429	 03004	 -57.5     143  	b'fffc'	b'0012'	b'00ea'	-0.0156	0.0702	0.9126
-1817241042	 1617385429	 03004	 -57.5     144  	b'fffc'	b'0015'	b'00e7'	-0.0156	0.0819	0.9009
-1817240979	 1617385429	 03004	 -58.0     147  	b'ffef'	b'0009'	b'00ea'	-0.0663	0.0351	0.9126
-1817240959	 1617385429	 03004	 -58.5     148  	b'fff0'	b'0007'	b'00e9'	-0.0624	0.0273	0.9087
-1817240938	 1617385429	 03004	 -59.0     149  	b'fff3'	b'000a'	b'00e9'	-0.0507	0.039	0.9087
-1817240917	 1617385429	 03004	 -59.5     150  	b'fff5'	b'000e'	b'00e9'	-0.0429	0.0546	0.9087
-1817240896	 1617385429	 03004	 -59.0     151  	b'fffb'	b'000e'	b'00e7'	-0.0195	0.0546	0.9009
-1817240875	 1617385429	 03004	 -60.0     152  	b'fff6'	b'000e'	b'00ed'	-0.039	0.0546	0.9243
-1817240854	 1617385429	 03004	 -59.5     153  	b'fff5'	b'0010'	b'00eb'	-0.0429	0.0624	0.9165
-1817240833	 1617385429	 03004	 -60.0     154  	b'fff4'	b'0014'	b'00e7'	-0.0468	0.078	0.9009
-1817240812	 1617385429	 03004	 -60.0     155  	b'fff4'	b'0010'	b'00ed'	-0.0468	0.0624	0.9243
-1817240792	 1617385429	 03004	 -60.0     156  	b'fffb'	b'000b'	b'00e6'	-0.0195	0.0429	0.897
-1817240771	 1617385429	 03004	 -60.0     157  	b'fff8'	b'000c'	b'00eb'	-0.0312	0.0468	0.9165
-1817240750	 1617385429	 03004	 -60.0     158  	b'fff5'	b'000e'	b'00e8'	-0.0429	0.0546	0.9048
-1817240729	 1617385429	 03004	 -61.5     159  	b'fff0'	b'000d'	b'00ee'	-0.0624	0.0507	0.9282
-1817240708	 1617385429	 03004	 -61.0     160  	b'fff4'	b'000e'	b'00e7'	-0.0468	0.0546	0.9009
-1817240687	 1617385429	 03004	 -61.5     161  	b'fff5'	b'000b'	b'00eb'	-0.0429	0.0429	0.9165
-1817240666	 1617385429	 03004	 -61.0     162  	b'fffb'	b'000c'	b'00e5'	-0.0195	0.0468	0.8931
-1817240645	 1617385429	 03004	 -61.5     163  	b'fff4'	b'000e'	b'00eb'	-0.0468	0.0546	0.9165
-1817240625	 1617385429	 03004	 -61.5     164  	b'fff4'	b'0010'	b'00e7'	-0.0468	0.0624	0.9009
-1817240604	 1617385429	 03004	 -61.5     165  	b'fff2'	b'0010'	b'00eb'	-0.0546	0.0624	0.9165
-1817240583	 1617385430	 03004	 -62.0     166  	b'fff5'	b'000f'	b'00e7'	-0.0429	0.0585	0.9009
-1817240562	 1617385430	 03004	 -62.0     167  	b'fff7'	b'000c'	b'00e9'	-0.0351	0.0468	0.9087
-1817240520	 1617385430	 03004	 -63.0     169  	b'fff5'	b'000e'	b'00e8'	-0.0429	0.0546	0.9048
-1817240499	 1617385430	 03004	 -63.0     170  	b'fff2'	b'000c'	b'00e9'	-0.0546	0.0468	0.9087
-1817240478	 1617385430	 03004	 -63.0     171  	b'fff2'	b'000f'	b'00e9'	-0.0546	0.0585	0.9087
-1817240457	 1617385430	 03004	 -63.0     172  	b'fff6'	b'000d'	b'00e8'	-0.039	0.0507	0.9048
-1817240437	 1617385430	 03004	 -62.5     173  	b'fff6'	b'000d'	b'00e8'	-0.039	0.0507	0.9048
-1817240416	 1617385430	 03004	 -63.0     174  	b'fff6'	b'000e'	b'00e9'	-0.039	0.0546	0.9087
-1817240395	 1617385430	 03004	 -63.0     175  	b'fff5'	b'000f'	b'00ea'	-0.0429	0.0585	0.9126
-1817240374	 1617385430	 03004	 -63.0     176  	b'fff4'	b'0010'	b'00ea'	-0.0468	0.0624	0.9126
-1817240353	 1617385430	 03004	 -63.0     177  	b'fff4'	b'000c'	b'00e8'	-0.0468	0.0468	0.9048
-1817240332	 1617385430	 03004	 -63.0     178  	b'fff9'	b'000b'	b'00e8'	-0.0273	0.0429	0.9048
-1817240311	 1617385430	 03004	 -63.0     179  	b'fff7'	b'000c'	b'00e8'	-0.0351	0.0468	0.9048
-1817240290	 1617385430	 03004	 -62.5     180  	b'fff3'	b'000d'	b'00e9'	-0.0507	0.0507	0.9087
-1817240270	 1617385430	 03004	 -62.5     181  	b'fff5'	b'000f'	b'00e8'	-0.0429	0.0585	0.9048
-1817240249	 1617385430	 03004	 -62.5     182  	b'fff5'	b'0010'	b'00eb'	-0.0429	0.0624	0.9165
-1817240228	 1617385430	 03004	 -62.5     183  	b'fff6'	b'000f'	b'00e8'	-0.039	0.0585	0.9048
-1817240207	 1617385430	 03004	 -63.0     184  	b'fff6'	b'000e'	b'00e9'	-0.039	0.0546	0.9087
-1817240186	 1617385430	 03004	 -63.0     185  	b'fff6'	b'000d'	b'00e9'	-0.039	0.0507	0.9087
-1817240165	 1617385430	 03004	 -63.0     186  	b'fff4'	b'000c'	b'00e9'	-0.0468	0.0468	0.9087
-1817240144	 1617385430	 03004	 -63.0     187  	b'fff4'	b'000c'	b'00e9'	-0.0468	0.0468	0.9087
-1817240123	 1617385430	 03004	 -63.0     188  	b'fff4'	b'000c'	b'00eb'	-0.0468	0.0468	0.9165
-1817240103	 1617385430	 03004	 -63.0     189  	b'fff6'	b'000c'	b'00e8'	-0.039	0.0468	0.9048
-1817240040	 1617385430	 03004	 -63.0     192  	b'fff5'	b'0011'	b'00e9'	-0.0429	0.0663	0.9087
-1817240019	 1617385430	 03004	 -63.0     193  	b'fff4'	b'000e'	b'00e9'	-0.0468	0.0546	0.9087
-1817239998	 1617385430	 03004	 -63.0     194  	b'fff6'	b'000e'	b'00e9'	-0.039	0.0546	0.9087
-1817239977	 1617385430	 03004	 -62.5     195  	b'fff5'	b'000e'	b'00e9'	-0.0429	0.0546	0.9087
-1817239956	 1617385430	 03004	 -62.5     196  	b'fff4'	b'000e'	b'00e8'	-0.0468	0.0546	0.9048
-1817239936	 1617385430	 03004	 -63.0     197  	b'fff5'	b'000c'	b'00ea'	-0.0429	0.0468	0.9126
-1817239915	 1617385430	 03004	 -63.0     198  	b'fff5'	b'000e'	b'00eb'	-0.0429	0.0546	0.9165
-1817239894	 1617385430	 03004	 -63.5     199  	b'fff5'	b'000f'	b'00e8'	-0.0429	0.0585	0.9048
-1817239873	 1617385430	 03004	 -63.0     200  	b'fff4'	b'000d'	b'00e8'	-0.0468	0.0507	0.9048
-1817239852	 1617385430	 03004	 -63.0     201  	b'fff5'	b'000e'	b'00e9'	-0.0429	0.0546	0.9087
-1817239831	 1617385430	 03004	 -63.0     202  	b'fff4'	b'000e'	b'00e9'	-0.0468	0.0546	0.9087
-1817239810	 1617385430	 03004	 -63.0     203  	b'fff5'	b'000e'	b'00ea'	-0.0429	0.0546	0.9126
-1817239789	 1617385430	 03004	 -63.5     204  	b'fff5'	b'000e'	b'00ea'	-0.0429	0.0546	0.9126
-1817239768	 1617385430	 03004	 -63.0     205  	b'fff7'	b'000d'	b'00e9'	-0.0351	0.0507	0.9087
-1817239748	 1617385430	 03004	 -63.0     206  	b'fff6'	b'000c'	b'00e8'	-0.039	0.0468	0.9048
-1817239727	 1617385430	 03004	 -63.0     207  	b'fff3'	b'000d'	b'00e8'	-0.0507	0.0507	0.9048
-1817239706	 1617385430	 03004	 -63.0     208  	b'fff5'	b'000e'	b'00e9'	-0.0429	0.0546	0.9087
-1817239685	 1617385430	 03004	 -63.0     209  	b'fff4'	b'000d'	b'00e9'	-0.0468	0.0507	0.9087
-1817239664	 1617385430	 03004	 -63.5     210  	b'fff6'	b'000d'	b'00e9'	-0.039	0.0507	0.9087
-1817239643	 1617385430	 03004	 -63.0     211  	b'fff5'	b'000e'	b'00e9'	-0.0429	0.0546	0.9087
-1817239622	 1617385430	 03004	 -63.0     212  	b'fff5'	b'000e'	b'00e9'	-0.0429	0.0546	0.9087
-1817239560	 1617385431	 03004	 -63.5     215  	b'fff6'	b'000d'	b'00e9'	-0.039	0.0507	0.9087
-1817239539	 1617385431	 03004	 -63.0     216  	b'fff5'	b'000e'	b'00e8'	-0.0429	0.0546	0.9048
-1817239518	 1617385431	 03004	 -62.5     217  	b'fff5'	b'000c'	b'00e9'	-0.0429	0.0468	0.9087
-1817239497	 1617385431	 03004	 -62.5     218  	b'fff5'	b'000e'	b'00ea'	-0.0429	0.0546	0.9126
-1817239476	 1617385431	 03004	 -62.5     219  	b'fff5'	b'000e'	b'00ea'	-0.0429	0.0546	0.9126
-1817239455	 1617385431	 03004	 -63.0     220  	b'fff5'	b'000f'	b'00e9'	-0.0429	0.0585	0.9087
-1817239434	 1617385431	 03004	 -63.0     221  	b'fff5'	b'000e'	b'00e9'	-0.0429	0.0546	0.9087
-1817239414	 1617385431	 03004	 -63.0     222  	b'fff6'	b'000e'	b'00ea'	-0.039	0.0546	0.9126
-1817239393	 1617385431	 03004	 -63.0     223  	b'fff5'	b'000e'	b'00e8'	-0.0429	0.0546	0.9048
-1817239372	 1617385431	 03004	 -63.0     224  	b'fff5'	b'000e'	b'00e8'	-0.0429	0.0546	0.9048
-1817239351	 1617385431	 03004	 -63.0     225  	b'fff5'	b'000e'	b'00e8'	-0.0429	0.0546	0.9048
-1817239313	 1617385431	 03004	 -63.5     226  	b'fff4'	b'000d'	b'00e8'	-0.0468	0.0507	0.9048
-1817239309	 1617385431	 03004	 -63.0     227  	b'fff4'	b'000f'	b'00e9'	-0.0468	0.0585	0.9087
-1817239288	 1617385431	 03004	 -63.0     228  	b'fff4'	b'000e'	b'00ea'	-0.0468	0.0546	0.9126
-1817239267	 1617385431	 03004	 -63.5     229  	b'fff4'	b'000e'	b'00ea'	-0.0468	0.0546	0.9126
-1817239246	 1617385431	 03004	 -63.0     230  	b'fff7'	b'000e'	b'00ea'	-0.0351	0.0546	0.9126
-1817239226	 1617385431	 03004	 -63.0     231  	b'fff6'	b'000d'	b'00eb'	-0.039	0.0507	0.9165
-1817239205	 1617385431	 03004	 -63.5     232  	b'fff5'	b'000f'	b'00e9'	-0.0429	0.0585	0.9087
-1817239184	 1617385431	 03004	 -63.5     233  	b'fff5'	b'000d'	b'00ea'	-0.0429	0.0507	0.9126
-1817239163	 1617385431	 03004	 -63.0     234  	b'fff4'	b'000e'	b'00e9'	-0.0468	0.0546	0.9087
-1817239142	 1617385431	 03004	 -63.0     235  	b'fff6'	b'000d'	b'00ea'	-0.039	0.0507	0.9126
-1817239100	 1617385431	 03004	 -63.0     237  	b'fff4'	b'000f'	b'00e8'	-0.0468	0.0585	0.9048
-1817239080	 1617385431	 03004	 -63.0     238  	b'fff6'	b'000d'	b'00e9'	-0.039	0.0507	0.9087
-1817239059	 1617385431	 03004	 -62.5     239  	b'fff6'	b'000e'	b'00e9'	-0.039	0.0546	0.9087
-1817239038	 1617385431	 03004	 -63.0     240  	b'fff6'	b'000e'	b'00e8'	-0.039	0.0546	0.9048
-1817239017	 1617385431	 03004	 -62.5     241  	b'fff6'	b'000d'	b'00e9'	-0.039	0.0507	0.9087
-1817238996	 1617385431	 03004	 -63.0     242  	b'fff6'	b'000c'	b'00e9'	-0.039	0.0468	0.9087
-1817238975	 1617385431	 03004	 -63.0     243  	b'fff5'	b'000d'	b'00ea'	-0.0429	0.0507	0.9126
-1817238954	 1617385431	 03004	 -63.0     244  	b'fff5'	b'000d'	b'00e9'	-0.0429	0.0507	0.9087
-1817238933	 1617385431	 03004	 -63.0     245  	b'fff4'	b'000d'	b'00e8'	-0.0468	0.0507	0.9048
-1817238912	 1617385431	 03004	 -63.0     246  	b'fff5'	b'000d'	b'00e9'	-0.0429	0.0507	0.9087
-1817238892	 1617385431	 03004	 -63.5     247  	b'fff4'	b'000d'	b'00e8'	-0.0468	0.0507	0.9048
-1817238871	 1617385431	 03004	 -63.0     248  	b'fff6'	b'000d'	b'00ea'	-0.039	0.0507	0.9126
-1817238850	 1617385431	 03004	 -63.0     249  	b'fff7'	b'000d'	b'00e7'	-0.0351	0.0507	0.9009
-1817238829	 1617385431	 03004	 -63.0     250  	b'fff6'	b'000e'	b'00e9'	-0.039	0.0546	0.9087
-1817238808	 1617385431	 03004	 -63.0     251  	b'fff4'	b'000e'	b'00e9'	-0.0468	0.0546	0.9087
-1817238787	 1617385431	 03004	 -63.5     252  	b'fff4'	b'000e'	b'00e8'	-0.0468	0.0546	0.9048
-1817238766	 1617385431	 03004	 -63.0     253  	b'fff5'	b'000e'	b'00ea'	-0.0429	0.0546	0.9126
-1817238745	 1617385431	 03004	 -63.0     254  	b'fff4'	b'000f'	b'00e8'	-0.0468	0.0585	0.9048
-1817238725	 1617385431	 03004	 -63.5     255  	b'fff5'	b'000e'	b'00e9'	-0.0429	0.0546	0.9087
-1817238704	 1617385431	 03004	 -63.0     0    	b'fff4'	b'000e'	b'00e9'	-0.0468	0.0546	0.9087
-1817238683	 1617385431	 03004	 -63.0     1    	b'fff6'	b'000e'	b'00ea'	-0.039	0.0546	0.9126
-1817238662	 1617385431	 03004	 -63.0     2    	b'fff5'	b'000f'	b'00e9'	-0.0429	0.0585	0.9087
-1817238620	 1617385431	 03004	 -63.5     4    	b'fff5'	b'000e'	b'00e9'	-0.0429	0.0546	0.9087
-1817238599	 1617385431	 03004	 -63.0     5    	b'fff6'	b'000d'	b'00e8'	-0.039	0.0507	0.9048
-1817238578	 1617385432	 03004	 -63.0     6    	b'fff6'	b'000d'	b'00e8'	-0.039	0.0507	0.9048
-1817238558	 1617385432	 03004	 -62.5     7    	b'fff6'	b'000f'	b'00e8'	-0.039	0.0585	0.9048
-1817238537	 1617385432	 03004	 -62.5     8    	b'fff6'	b'000e'	b'00e9'	-0.039	0.0546	0.9087
-1817238516	 1617385432	 03004	 -62.5     9    	b'fff5'	b'000e'	b'00ea'	-0.0429	0.0546	0.9126
-1817238495	 1617385432	 03004	 -63.0     10   	b'fff6'	b'000e'	b'00ea'	-0.039	0.0546	0.9126
-1817238474	 1617385432	 03004	 -63.0     11   	b'fff4'	b'000e'	b'00e8'	-0.0468	0.0546	0.9048
-1817238453	 1617385432	 03004	 -63.0     12   	b'fff5'	b'000e'	b'00ea'	-0.0429	0.0546	0.9126
-1817238432	 1617385432	 03004	 -63.0     13   	b'fff5'	b'000e'	b'00e8'	-0.0429	0.0546	0.9048
-1817238411	 1617385432	 03004	 -63.0     14   	b'fff6'	b'000d'	b'00e8'	-0.039	0.0507	0.9048
-1817238390	 1617385432	 03004	 -63.0     15   	b'fff6'	b'000e'	b'00e8'	-0.039	0.0546	0.9048
-1817238370	 1617385432	 03004	 -63.0     16   	b'fff5'	b'000f'	b'00eb'	-0.0429	0.0585	0.9165
-1817238349	 1617385432	 03004	 -63.0     17   	b'fff6'	b'000d'	b'00e8'	-0.039	0.0507	0.9048
-1817238328	 1617385432	 03004	 -63.5     18   	b'fff6'	b'000d'	b'00ea'	-0.039	0.0507	0.9126
-1817238307	 1617385432	 03004	 -63.0     19   	b'fff5'	b'000d'	b'00e8'	-0.0429	0.0507	0.9048
-1817238286	 1617385432	 03004	 -63.0     20   	b'fff5'	b'000e'	b'00e9'	-0.0429	0.0546	0.9087
-1817238265	 1617385432	 03004	 -63.5     21   	b'fff8'	b'000e'	b'00e9'	-0.0312	0.0546	0.9087
-1817238244	 1617385432	 03004	 -63.5     22   	b'fff6'	b'000e'	b'00ea'	-0.039	0.0546	0.9126
-1817238223	 1617385432	 03004	 -63.0     23   	b'fff6'	b'000e'	b'00ea'	-0.039	0.0546	0.9126
-1817238203	 1617385432	 03004	 -63.0     24   	b'fff5'	b'000c'	b'00e7'	-0.0429	0.0468	0.9009
-1817238140	 1617385432	 03004	 -63.0     27   	b'fff5'	b'000f'	b'00ea'	-0.0429	0.0585	0.9126
-1817238119	 1617385432	 03004	 -63.0     28   	b'fff5'	b'000c'	b'00ea'	-0.0429	0.0468	0.9126
-1817238098	 1617385432	 03004	 -62.5     29   	b'fff6'	b'000d'	b'00e8'	-0.039	0.0507	0.9048
-1817238077	 1617385432	 03004	 -62.5     30   	b'fff5'	b'000e'	b'00e9'	-0.0429	0.0546	0.9087
-1817238056	 1617385432	 03004	 -62.5     31   	b'fff6'	b'000d'	b'00e9'	-0.039	0.0507	0.9087
-1817238036	 1617385432	 03004	 -63.0     32   	b'fff5'	b'000d'	b'00e8'	-0.0429	0.0507	0.9048
-1817238015	 1617385432	 03004	 -63.0     33   	b'fff5'	b'000e'	b'00e8'	-0.0429	0.0546	0.9048
-1817237994	 1617385432	 03004	 -63.0     34   	b'fff5'	b'000d'	b'00ea'	-0.0429	0.0507	0.9126
-1817237973	 1617385432	 03004	 -63.5     35   	b'fff5'	b'000e'	b'00e9'	-0.0429	0.0546	0.9087
-1817237952	 1617385432	 03004	 -63.5     36   	b'fff5'	b'000d'	b'00e9'	-0.0429	0.0507	0.9087
-1817237931	 1617385432	 03004	 -63.0     37   	b'fff6'	b'000f'	b'00e8'	-0.039	0.0585	0.9048
-1817237910	 1617385432	 03004	 -63.0     38   	b'fff5'	b'000d'	b'00e9'	-0.0429	0.0507	0.9087
-1817237889	 1617385432	 03004	 -63.0     39   	b'fff5'	b'000f'	b'00ea'	-0.0429	0.0585	0.9126
-1817237869	 1617385432	 03004	 -63.0     40   	b'fff4'	b'000e'	b'00e8'	-0.0468	0.0546	0.9048
-1817237848	 1617385432	 03004	 -63.0     41   	b'fff4'	b'000e'	b'00e9'	-0.0468	0.0546	0.9087
-1817237827	 1617385432	 03004	 -63.0     42   	b'fff4'	b'000e'	b'00e8'	-0.0468	0.0546	0.9048
-1817237806	 1617385432	 03004	 -63.0     43   	b'fff5'	b'000e'	b'00e9'	-0.0429	0.0546	0.9087
-1817237785	 1617385432	 03004	 -63.0     44   	b'fff5'	b'000e'	b'00ea'	-0.0429	0.0546	0.9126
-1817237764	 1617385432	 03004	 -63.0     45   	b'fff5'	b'000e'	b'00e8'	-0.0429	0.0546	0.9048
-1817237743	 1617385432	 03004	 -63.0     46   	b'fff3'	b'000e'	b'00e9'	-0.0507	0.0546	0.9087
-1817237722	 1617385432	 03004	 -63.0     47   	b'fff5'	b'000d'	b'00e8'	-0.0429	0.0507	0.9048
-1817237701	 1617385432	 03004	 -63.0     48   	b'fff5'	b'000f'	b'00ea'	-0.0429	0.0585	0.9126
-1817237660	 1617385432	 03004	 -63.0     50   	b'fff4'	b'000e'	b'00e9'	-0.0468	0.0546	0.9087
-1817237639	 1617385432	 03004	 -63.0     51   	b'fff6'	b'000e'	b'00e9'	-0.039	0.0546	0.9087
-1817237618	 1617385432	 03004	 -63.0     52   	b'fff5'	b'000c'	b'00eb'	-0.0429	0.0468	0.9165
-1817237597	 1617385432	 03004	 -63.0     53   	b'fff5'	b'000e'	b'00ea'	-0.0429	0.0546	0.9126
-1817237576	 1617385433	 03004	 -62.5     54   	b'fff5'	b'000e'	b'00e9'	-0.0429	0.0546	0.9087
-1817237555	 1617385433	 03004	 -62.5     55   	b'fff4'	b'000e'	b'00e8'	-0.0468	0.0546	0.9048
-1817237534	 1617385433	 03004	 -63.5     56   	b'fff6'	b'000d'	b'00e7'	-0.039	0.0507	0.9009
-1817237514	 1617385433	 03004	 -63.0     57   	b'fff4'	b'000f'	b'00e9'	-0.0468	0.0585	0.9087
-1817237493	 1617385433	 03004	 -63.0     58   	b'fff6'	b'000d'	b'00eb'	-0.039	0.0507	0.9165
-1817237472	 1617385433	 03004	 -63.0     59   	b'fff4'	b'000e'	b'00e9'	-0.0468	0.0546	0.9087
-1817237451	 1617385433	 03004	 -63.0     60   	b'fff6'	b'000d'	b'00e9'	-0.039	0.0507	0.9087
-1817237430	 1617385433	 03004	 -63.0     61   	b'fff6'	b'000d'	b'00e8'	-0.039	0.0507	0.9048
-1817237409	 1617385433	 03004	 -63.5     62   	b'fff5'	b'000e'	b'00e9'	-0.0429	0.0546	0.9087
-1817237363	 1617385433	 03004	 -63.0     63   	b'fff5'	b'000f'	b'00e9'	-0.0429	0.0585	0.9087
-1817237362	 1617385433	 03004	 -63.0     64   	b'fff4'	b'000d'	b'00e8'	-0.0468	0.0507	0.9048
-1817237347	 1617385433	 03004	 -63.0     65   	b'fff4'	b'000e'	b'00e9'	-0.0468	0.0546	0.9087
-1817237326	 1617385433	 03004	 -63.0     66   	b'fff5'	b'000e'	b'00e9'	-0.0429	0.0546	0.9087
-1817237305	 1617385433	 03004	 -63.0     67   	b'fff7'	b'000d'	b'00ea'	-0.0351	0.0507	0.9126
-1817237284	 1617385433	 03004	 -63.0     68   	b'fff5'	b'000e'	b'00e9'	-0.0429	0.0546	0.9087
-1817237263	 1617385433	 03004	 -63.0     69   	b'fff6'	b'000d'	b'00e9'	-0.039	0.0507	0.9087
-1817237242	 1617385433	 03004	 -63.0     70   	b'fff4'	b'000d'	b'00e7'	-0.0468	0.0507	0.9009
-1817237221	 1617385433	 03004	 -63.0     71   	b'fff5'	b'000d'	b'00e9'	-0.0429	0.0507	0.9087
-1817237179	 1617385433	 03004	 -63.5     73   	b'fff6'	b'000e'	b'00e8'	-0.039	0.0546	0.9048
-1817237159	 1617385433	 03004	 -63.0     74   	b'fff7'	b'000d'	b'00e8'	-0.0351	0.0507	0.9048
-1817237138	 1617385433	 03004	 -63.0     75   	b'fff5'	b'000e'	b'00e8'	-0.0429	0.0546	0.9048
-1817237117	 1617385433	 03004	 -62.5     76   	b'fff5'	b'000d'	b'00e8'	-0.0429	0.0507	0.9048
-1817237096	 1617385433	 03004	 -63.0     77   	b'fff4'	b'000e'	b'00e8'	-0.0468	0.0546	0.9048
-1817237075	 1617385433	 03004	 -63.0     78   	b'fff5'	b'000e'	b'00e9'	-0.0429	0.0546	0.9087
-1817237054	 1617385433	 03004	 -63.5     79   	b'fff5'	b'000d'	b'00e8'	-0.0429	0.0507	0.9048
-1817237033	 1617385433	 03004	 -63.0     80   	b'fff6'	b'000e'	b'00ea'	-0.039	0.0546	0.9126
-1817237012	 1617385433	 03004	 -63.5     81   	b'fff5'	b'000d'	b'00ea'	-0.0429	0.0507	0.9126
-1817236992	 1617385433	 03004	 -63.0     82   	b'fff6'	b'000d'	b'00ea'	-0.039	0.0507	0.9126
-1817236971	 1617385433	 03004	 -63.0     83   	b'fff5'	b'000d'	b'00e8'	-0.0429	0.0507	0.9048
-1817236950	 1617385433	 03004	 -63.0     84   	b'fff6'	b'000e'	b'00e9'	-0.039	0.0546	0.9087
-1817236929	 1617385433	 03004	 -63.0     85   	b'fff5'	b'000d'	b'00ea'	-0.0429	0.0507	0.9126
-1817236908	 1617385433	 03004	 -63.0     86   	b'fff5'	b'000e'	b'00ea'	-0.0429	0.0546	0.9126
-1817236887	 1617385433	 03004	 -63.0     87   	b'fff5'	b'000f'	b'00e7'	-0.0429	0.0585	0.9009
-1817236866	 1617385433	 03004	 -63.0     88   	b'fff5'	b'000d'	b'00ea'	-0.0429	0.0507	0.9126
-1817236845	 1617385433	 03004	 -63.5     89   	b'fff5'	b'000d'	b'00e9'	-0.0429	0.0507	0.9087
-1817236825	 1617385433	 03004	 -63.0     90   	b'fff5'	b'000e'	b'00e8'	-0.0429	0.0546	0.9048
-1817236804	 1617385433	 03004	 -63.5     91   	b'fff4'	b'000d'	b'00e9'	-0.0468	0.0507	0.9087
-1817236783	 1617385433	 03004	 -63.0     92   	b'fff6'	b'000d'	b'00ea'	-0.039	0.0507	0.9126
-1817236762	 1617385433	 03004	 -63.0     93   	b'fff6'	b'000f'	b'00e7'	-0.039	0.0585	0.9009
-1817236699	 1617385433	 03004	 -63.0     96   	b'fff4'	b'000f'	b'00ea'	-0.0468	0.0585	0.9126
-1817236678	 1617385433	 03004	 -63.0     97   	b'fff4'	b'000f'	b'00e9'	-0.0468	0.0585	0.9087
-1817236658	 1617385433	 03004	 -62.5     98   	b'fff6'	b'000e'	b'00e9'	-0.039	0.0546	0.9087
-1817236637	 1617385433	 03004	 -62.5     99   	b'fff7'	b'000e'	b'00e7'	-0.0351	0.0546	0.9009
-1817236616	 1617385433	 03004	 -62.5     100  	b'fff4'	b'000d'	b'00e9'	-0.0468	0.0507	0.9087
-1817236595	 1617385433	 03004	 -63.0     101  	b'fff4'	b'000e'	b'00e7'	-0.0468	0.0546	0.9009
-1817236574	 1617385434	 03004	 -63.0     102  	b'fff4'	b'000e'	b'00e9'	-0.0468	0.0546	0.9087
-1817236553	 1617385434	 03004	 -63.0     103  	b'fff5'	b'000d'	b'00e9'	-0.0429	0.0507	0.9087
-1817236532	 1617385434	 03004	 -63.0     104  	b'fff7'	b'000d'	b'00e9'	-0.0351	0.0507	0.9087
-1817236511	 1617385434	 03004	 -63.0     105  	b'fff6'	b'000c'	b'00e9'	-0.039	0.0468	0.9087
-1817236491	 1617385434	 03004	 -63.0     106  	b'fff5'	b'000d'	b'00e9'	-0.0429	0.0507	0.9087
-1817236470	 1617385434	 03004	 -63.0     107  	b'fff5'	b'000e'	b'00e9'	-0.0429	0.0546	0.9087
-1817236449	 1617385434	 03004	 -63.5     108  	b'fff5'	b'000e'	b'00ea'	-0.0429	0.0546	0.9126
-1817236428	 1617385434	 03004	 -63.0     109  	b'fff5'	b'000d'	b'00e9'	-0.0429	0.0507	0.9087
-1817236407	 1617385434	 03004	 -63.0     110  	b'fff4'	b'000c'	b'00ea'	-0.0468	0.0468	0.9126
-1817236386	 1617385434	 03004	 -63.0     111  	b'fff5'	b'000d'	b'00e8'	-0.0429	0.0507	0.9048
-1817236365	 1617385434	 03004	 -63.0     112  	b'fff7'	b'000d'	b'00ea'	-0.0351	0.0507	0.9126
-1817236344	 1617385434	 03004	 -63.0     113  	b'fff6'	b'000d'	b'00ea'	-0.039	0.0507	0.9126
-1817236323	 1617385434	 03004	 -63.0     114  	b'fff4'	b'000e'	b'00e8'	-0.0468	0.0546	0.9048
-1817236303	 1617385434	 03004	 -63.0     115  	b'fff4'	b'000e'	b'00ea'	-0.0468	0.0546	0.9126
-1817236282	 1617385434	 03004	 -63.0     116  	b'fff4'	b'000e'	b'00eb'	-0.0468	0.0546	0.9165
-1817236261	 1617385434	 03004	 -63.0     117  	b'fff4'	b'000d'	b'00ea'	-0.0468	0.0507	0.9126
-1817236240	 1617385434	 03004	 -63.5     118  	b'fff5'	b'000f'	b'00e8'	-0.0429	0.0585	0.9048
-1817236219	 1617385434	 03004	 -63.0     119  	b'fff4'	b'000e'	b'00e9'	-0.0468	0.0546	0.9087
-1817236198	 1617385434	 03004	 -63.0     120  	b'fff5'	b'000e'	b'00e8'	-0.0429	0.0546	0.9048
-1817236177	 1617385434	 03004	 -63.5     121  	b'fff4'	b'000f'	b'00e8'	-0.0468	0.0585	0.9048
-1817236156	 1617385434	 03004	 -63.5     122  	b'fff4'	b'000e'	b'00e9'	-0.0468	0.0546	0.9087
-1817236136	 1617385434	 03004	 -63.0     123  	b'fff5'	b'000e'	b'00eb'	-0.0429	0.0546	0.9165
-1817236094	 1617385434	 03004	 -63.5     125  	b'fff6'	b'000e'	b'00e9'	-0.039	0.0546	0.9087
-1817236073	 1617385434	 03004	 -63.0     126  	b'fff6'	b'000d'	b'00e7'	-0.039	0.0507	0.9009
-1817236052	 1617385434	 03004	 -63.0     127  	b'fff4'	b'000f'	b'00e9'	-0.0468	0.0585	0.9087
-1817236031	 1617385434	 03004	 -63.0     128  	b'fff7'	b'000d'	b'00eb'	-0.0351	0.0507	0.9165
-1817236010	 1617385434	 03004	 -63.0     129  	b'fff5'	b'000c'	b'00ea'	-0.0429	0.0468	0.9126
-1817235989	 1617385434	 03004	 -62.5     130  	b'fff5'	b'000c'	b'00e9'	-0.0429	0.0468	0.9087
-1817235969	 1617385434	 03004	 -63.0     131  	b'fff4'	b'000f'	b'00e8'	-0.0468	0.0585	0.9048
-1817235948	 1617385434	 03004	 -63.5     132  	b'fff4'	b'000e'	b'00e9'	-0.0468	0.0546	0.9087
-1817235927	 1617385434	 03004	 -63.0     133  	b'fff5'	b'000e'	b'00e9'	-0.0429	0.0546	0.9087
-1817235906	 1617385434	 03004	 -63.5     134  	b'fff4'	b'000f'	b'00e8'	-0.0468	0.0585	0.9048
-1817235885	 1617385434	 03004	 -63.5     135  	b'fff6'	b'000d'	b'00e8'	-0.039	0.0507	0.9048
-1817235864	 1617385434	 03004	 -63.0     136  	b'fff6'	b'000e'	b'00e7'	-0.039	0.0546	0.9009
-1817235843	 1617385434	 03004	 -63.0     137  	b'fff6'	b'000f'	b'00e8'	-0.039	0.0585	0.9048
-1817235822	 1617385434	 03004	 -63.0     138  	b'fff5'	b'000f'	b'00ea'	-0.0429	0.0585	0.9126
-1817235802	 1617385434	 03004	 -63.0     139  	b'fff5'	b'000d'	b'00e8'	-0.0429	0.0507	0.9048
-1817235781	 1617385434	 03004	 -63.0     140  	b'fff5'	b'000d'	b'00e8'	-0.0429	0.0507	0.9048
-1817235760	 1617385434	 03004	 -63.0     141  	b'fff6'	b'000d'	b'00e9'	-0.039	0.0507	0.9087
-1817235739	 1617385434	 03004	 -63.0     142  	b'fff5'	b'000d'	b'00e8'	-0.0429	0.0507	0.9048
-1817235718	 1617385434	 03004	 -62.5     143  	b'fff4'	b'000f'	b'00ea'	-0.0468	0.0585	0.9126
-1817235697	 1617385434	 03004	 -62.0     144  	b'fff5'	b'000e'	b'00e9'	-0.0429	0.0546	0.9087
-1817235676	 1617385434	 03004	 -61.5     145  	b'fff6'	b'000e'	b'00e9'	-0.039	0.0546	0.9087
-1817235655	 1617385434	 03004	 -62.0     146  	b'fff5'	b'000f'	b'00e9'	-0.0429	0.0585	0.9087
-1817235614	 1617385434	 03004	 -60.0     148  	b'fff4'	b'000e'	b'00e9'	-0.0468	0.0546	0.9087
-1817235593	 1617385434	 03004	 -58.5     149  	b'fff4'	b'000d'	b'00ea'	-0.0468	0.0507	0.9126
-1817235572	 1617385435	 03004	 -59.0     150  	b'fff4'	b'000d'	b'00ea'	-0.0468	0.0507	0.9126
-1817235551	 1617385435	 03004	 -58.0     151  	b'fff6'	b'000c'	b'00e9'	-0.039	0.0468	0.9087
-1817235530	 1617385435	 03004	 -57.5     152  	b'fff5'	b'000e'	b'00e8'	-0.0429	0.0546	0.9048
-1817235509	 1617385435	 03004	 -57.5     153  	b'fff6'	b'000e'	b'00e7'	-0.039	0.0546	0.9009
-1817235488	 1617385435	 03004	 -58.0     154  	b'fff5'	b'000f'	b'00ea'	-0.0429	0.0585	0.9126
-1817235467	 1617385435	 03004	 -57.5     155  	b'fff6'	b'000e'	b'00e9'	-0.039	0.0546	0.9087
-1817235422	 1617385435	 03004	 -57.5     156  	b'fff4'	b'000f'	b'00e9'	-0.0468	0.0585	0.9087
-1817235422	 1617385435	 03004	 -57.5     157  	b'fff6'	b'000c'	b'00e8'	-0.039	0.0468	0.9048
-1817235405	 1617385435	 03004	 -57.0     158  	b'fff5'	b'000e'	b'00e7'	-0.0429	0.0546	0.9009
-1817235384	 1617385435	 03004	 -56.0     159  	b'fff5'	b'000f'	b'00ea'	-0.0429	0.0585	0.9126
-1817235363	 1617385435	 03004	 -56.0     160  	b'fff4'	b'000e'	b'00e9'	-0.0468	0.0546	0.9087
-1817235342	 1617385435	 03004	 -56.0     161  	b'0004'	b'fff1'	b'00f2'	0.0156	-0.0585	0.9438
-1817235321	 1617385435	 03004	 -56.0     162  	b'ffb7'	b'0048'	b'00ef'	-0.2847	0.2808	0.9321
-1817235300	 1617385435	 03004	 -55.5     163  	b'000d'	b'002e'	b'00dc'	0.0507	0.1794	0.858
-1817235279	 1617385435	 03004	 -55.5     164  	b'fffe'	b'0015'	b'00e5'	-0.0078	0.0819	0.8931
-1817235259	 1617385435	 03004	 -55.5     165  	b'fff9'	b'0010'	b'00e7'	-0.0273	0.0624	0.9009
-1817235238	 1617385435	 03004	 -56.0     166  	b'ffe7'	b'0002'	b'00ec'	-0.0975	0.0078	0.9204
-1817235217	 1617385435	 03004	 -56.0     167  	b'ffef'	b'0007'	b'00ec'	-0.0663	0.0273	0.9204
-1817235196	 1617385435	 03004	 -56.0     168  	b'0003'	b'0020'	b'00e3'	0.0117	0.1248	0.8853
-1817235175	 1617385435	 03004	 -56.0     169  	b'fff4'	b'000a'	b'00ec'	-0.0468	0.039	0.9204
-1817235133	 1617385435	 03004	 -56.0     171  	b'fff7'	b'0010'	b'00e9'	-0.0351	0.0624	0.9087
-1817235112	 1617385435	 03004	 -56.0     172  	b'fff6'	b'000f'	b'00e9'	-0.039	0.0585	0.9087
-1817235092	 1617385435	 03004	 -56.0     173  	b'fff5'	b'000e'	b'00e8'	-0.0429	0.0546	0.9048
-1817235071	 1617385435	 03004	 -56.0     174  	b'fff8'	b'000f'	b'00e7'	-0.0312	0.0585	0.9009
-1817235050	 1617385435	 03004	 -56.0     175  	b'fff9'	b'0010'	b'00e8'	-0.0273	0.0624	0.9048
-1817235029	 1617385435	 03004	 -56.0     176  	b'fff6'	b'000f'	b'00e9'	-0.039	0.0585	0.9087
-1817235008	 1617385435	 03004	 -56.5     177  	b'fff8'	b'000f'	b'00e8'	-0.0312	0.0585	0.9048
-1817234987	 1617385435	 03004	 -56.5     178  	b'fff7'	b'000d'	b'00e8'	-0.0351	0.0507	0.9048
-1817234966	 1617385435	 03004	 -57.5     179  	b'fff7'	b'000e'	b'00ea'	-0.0351	0.0546	0.9126
-1817234945	 1617385435	 03004	 -57.0     180  	b'fff6'	b'0010'	b'00e9'	-0.039	0.0624	0.9087
-1817234925	 1617385435	 03004	 -56.0     181  	b'fff6'	b'000f'	b'00e8'	-0.039	0.0585	0.9048
-1817234904	 1617385435	 03004	 -57.5     182  	b'fff7'	b'0010'	b'00eb'	-0.0351	0.0624	0.9165
-1817234883	 1617385435	 03004	 -57.0     183  	b'fff6'	b'000d'	b'00e9'	-0.039	0.0507	0.9087
-1817234862	 1617385435	 03004	 -57.0     184  	b'fff7'	b'000f'	b'00ea'	-0.0351	0.0585	0.9126
-1817234841	 1617385435	 03004	 -57.0     185  	b'fffa'	b'0008'	b'00e8'	-0.0234	0.0312	0.9048
-1817234820	 1617385435	 03004	 -57.0     186  	b'fff4'	b'0011'	b'00e9'	-0.0468	0.0663	0.9087
-1817234799	 1617385435	 03004	 -57.5     187  	b'fff6'	b'000d'	b'00ea'	-0.039	0.0507	0.9126
-1817234778	 1617385435	 03004	 -57.0     188  	b'fff9'	b'000e'	b'00e9'	-0.0273	0.0546	0.9087
-1817234758	 1617385435	 03004	 -57.0     189  	b'fffd'	b'000e'	b'00e9'	-0.0117	0.0546	0.9087
-1817234737	 1617385435	 03004	 -57.0     190  	b'fff9'	b'000d'	b'00e9'	-0.0273	0.0507	0.9087
-1817234716	 1617385435	 03004	 -57.5     191  	b'fff6'	b'000e'	b'00e9'	-0.039	0.0546	0.9087
-1817234653	 1617385435	 03004	 -58.0     194  	b'fff5'	b'000d'	b'0126'	-0.0429	0.0507	1.1466
-1817234632	 1617385435	 03004	 -58.5     195  	b'fffc'	b'001c'	b'0105'	-0.0156	0.1092	1.0179
-1817234611	 1617385435	 03004	 -59.0     196  	b'fee5'	b'006f'	b'00c1'	-1.1037	0.4329	0.7527
-1817234590	 1617385436	 03004	 -58.0     197  	b'0033'	b'ffe8'	b'011b'	0.1989	-0.0936	1.1037
-1817234569	 1617385436	 03004	 -58.0     198  	b'001a'	b'fff7'	b'0121'	0.1014	-0.0351	1.1271
-1817234549	 1617385436	 03004	 -58.5     199  	b'0007'	b'ffda'	b'0133'	0.0273	-0.1482	1.1973
-1817234528	 1617385436	 03004	 -57.5     200  	b'ffe7'	b'0009'	b'00f9'	-0.0975	0.0351	0.9711
-1817234507	 1617385436	 03004	 -55.5     201  	b'ffd0'	b'0003'	b'00eb'	-0.1872	0.0117	0.9165
-1817234486	 1617385436	 03004	 -55.0     202  	b'ffbe'	b'fff2'	b'00e0'	-0.2574	-0.0546	0.8736
-1817234465	 1617385436	 03004	 -53.5     203  	b'ffbf'	b'ffe5'	b'00c9'	-0.2535	-0.1053	0.7839
-1817234444	 1617385436	 03004	 -52.5     204  	b'ffb7'	b'ffd2'	b'00a8'	-0.2847	-0.1794	0.6552
-1817234423	 1617385436	 03004	 -51.5     205  	b'ffaa'	b'ffc1'	b'0098'	-0.3354	-0.2457	0.5928
-1817234402	 1617385436	 03004	 -50.5     206  	b'ffa0'	b'ffb4'	b'007a'	-0.3744	-0.2964	0.4758
-1817234382	 1617385436	 03004	 -50.0     207  	b'ffa2'	b'ffa9'	b'0059'	-0.3666	-0.3393	0.3471
-1817234361	 1617385436	 03004	 -49.5     208  	b'ffa7'	b'ff8a'	b'0027'	-0.3471	-0.4602	0.1521
-1817234340	 1617385436	 03004	 -51.0     209  	b'ff8f'	b'ff69'	b'0000'	-0.4407	-0.5889	0.0  
-1817234319	 1617385436	 03004	 -50.5     210  	b'ff92'	b'ff6d'	b'ffeb'	-0.429	-0.5733	-0.0819
-1817234298	 1617385436	 03004	 -50.5     211  	b'ff9a'	b'ff7b'	b'ffd7'	-0.3978	-0.5187	-0.1599
-1817234277	 1617385436	 03004	 -50.5     212  	b'ff9a'	b'ff72'	b'ffc7'	-0.3978	-0.5538	-0.2223
-1817234256	 1617385436	 03004	 -51.5     213  	b'ffa9'	b'ff5b'	b'ff93'	-0.3393	-0.6435	-0.4251
-1817234236	 1617385436	 03004	 -51.5     214  	b'ffb5'	b'ff4f'	b'ff81'	-0.2925	-0.6903	-0.4953
-1817234215	 1617385436	 03004	 -52.0     215  	b'ffae'	b'ff5f'	b'ff8c'	-0.3198	-0.6279	-0.4524
-1817234194	 1617385436	 03004	 -55.5     216  	b'ffb8'	b'ff5d'	b'ff84'	-0.2808	-0.6357	-0.4836
-1817234173	 1617385436	 03004	 -53.0     217  	b'ffc6'	b'ff60'	b'ff68'	-0.2262	-0.624	-0.5928
-1817234152	 1617385436	 03004	 -53.0     218  	b'ffca'	b'ff6c'	b'ff46'	-0.2106	-0.5772	-0.7254
-1817234131	 1617385436	 03004	 -53.5     219  	b'ffd9'	b'ff6b'	b'ff31'	-0.1521	-0.5811	-0.8073
-1817234110	 1617385436	 03004	 -54.0     220  	b'ffdc'	b'ff4f'	b'ff31'	-0.1404	-0.6903	-0.8073
-1817234090	 1617385436	 03004	 -54.5     221  	b'ffce'	b'ff58'	b'ff3a'	-0.195	-0.6552	-0.7722
-1817234069	 1617385436	 03004	 -55.0     222  	b'ffce'	b'ff6d'	b'ff35'	-0.195	-0.5733	-0.7917
-1817234048	 1617385436	 03004	 -55.0     223  	b'ffdc'	b'ff70'	b'ff19'	-0.1404	-0.5616	-0.9009
-1817234027	 1617385436	 03004	 -55.0     224  	b'ffe1'	b'ff7c'	b'ff16'	-0.1209	-0.5148	-0.9126
-1817234006	 1617385436	 03004	 -55.5     225  	b'fff0'	b'ff8f'	b'ff18'	-0.0624	-0.4407	-0.9048
-1817233985	 1617385436	 03004	 -56.0     226  	b'ffeb'	b'ff92'	b'ff16'	-0.0819	-0.429	-0.9126
-1817233964	 1617385436	 03004	 -56.0     227  	b'ffce'	b'ffa3'	b'ff24'	-0.195	-0.3627	-0.858
-1817233943	 1617385436	 03004	 -56.0     228  	b'ffd7'	b'ffad'	b'ff26'	-0.1599	-0.3237	-0.8502
-1817233922	 1617385436	 03004	 -56.0     229  	b'fff1'	b'ffa6'	b'ff11'	-0.0585	-0.351	-0.9321
-1817233902	 1617385436	 03004	 -56.0     230  	b'ffeb'	b'ffac'	b'ff18'	-0.0819	-0.3276	-0.9048
-1817233881	 1617385436	 03004	 -56.0     231  	b'fff1'	b'ffb8'	b'ff24'	-0.0585	-0.2808	-0.858
-1817233860	 1617385436	 03004	 -56.0     232  	b'ffe7'	b'ffa0'	b'ff24'	-0.0975	-0.3744	-0.858
-1817233839	 1617385436	 03004	 -56.0     233  	b'ffde'	b'ffaa'	b'ff17'	-0.1326	-0.3354	-0.9087
-1817233818	 1617385436	 03004	 -56.5     234  	b'ffec'	b'ffb4'	b'ff10'	-0.078	-0.2964	-0.936
-1817233797	 1617385436	 03004	 -56.0     235  	b'0001'	b'ffb8'	b'ff16'	0.0039	-0.2808	-0.9126
-1817233776	 1617385436	 03004	 -56.0     236  	b'ffe4'	b'ffa7'	b'ff07'	-0.1092	-0.3471	-0.9711
-1817233755	 1617385436	 03004	 -56.0     237  	b'fffe'	b'ffb0'	b'fefd'	-0.0078	-0.312	-1.0101
-1817233735	 1617385436	 03004	 -55.5     238  	b'fff9'	b'ffc9'	b'ff2b'	-0.0273	-0.2145	-0.8307
-1817233714	 1617385436	 03004	 -56.5     239  	b'ffdf'	b'ffc0'	b'ff24'	-0.1287	-0.2496	-0.858
-1817233693	 1617385436	 03004	 -56.0     240  	b'ffee'	b'ffcb'	b'ff1e'	-0.0702	-0.2067	-0.8814
-1817233672	 1617385436	 03004	 -56.0     241  	b'ffec'	b'ffc5'	b'ff18'	-0.078	-0.2301	-0.9048
-1817233651	 1617385436	 03004	 -56.0     242  	b'ffe9'	b'ffbc'	b'ff16'	-0.0897	-0.2652	-0.9126
-1817233630	 1617385436	 03004	 -56.0     243  	b'ffe6'	b'ffbc'	b'ff1e'	-0.1014	-0.2652	-0.8814
-1817233609	 1617385436	 03004	 -56.0     244  	b'ffdd'	b'ffc4'	b'ff1f'	-0.1365	-0.234	-0.8775
-1817233588	 1617385437	 03004	 -56.0     245  	b'ffe9'	b'ffc9'	b'ff18'	-0.0897	-0.2145	-0.9048
-1817233563	 1617385437	 03004	 -56.0     246  	b'ffea'	b'ffc5'	b'ff12'	-0.0858	-0.2301	-0.9282
-1817233547	 1617385437	 03004	 -56.0     247  	b'ffe2'	b'ffc4'	b'ff1b'	-0.117	-0.234	-0.8931
-1817233526	 1617385437	 03004	 -56.0     248  	b'ffd8'	b'ffc7'	b'ff23'	-0.156	-0.2223	-0.8619
-1817233505	 1617385437	 03004	 -56.0     249  	b'ffe1'	b'ffcc'	b'ff19'	-0.1209	-0.2028	-0.9009
-1817233484	 1617385437	 03004	 -56.0     250  	b'ffe4'	b'ffcd'	b'ff14'	-0.1092	-0.1989	-0.9204
-1817233463	 1617385437	 03004	 -56.0     251  	b'ffe4'	b'ffcf'	b'ff1c'	-0.1092	-0.1911	-0.8892
-1817233442	 1617385437	 03004	 -57.0     252  	b'ffe4'	b'ffce'	b'ff18'	-0.1092	-0.195	-0.9048
-1817233421	 1617385437	 03004	 -56.5     253  	b'ffe6'	b'ffcd'	b'ff15'	-0.1014	-0.1989	-0.9165
-1817233400	 1617385437	 03004	 -56.5     254  	b'ffe2'	b'ffcf'	b'ff16'	-0.117	-0.1911	-0.9126
-1817233380	 1617385437	 03004	 -56.5     255  	b'ffe6'	b'ffd1'	b'ff17'	-0.1014	-0.1833	-0.9087
-1817233359	 1617385437	 03004	 -56.5     0    	b'ffea'	b'ffd8'	b'ff15'	-0.0858	-0.156	-0.9165
-1817233338	 1617385437	 03004	 -56.5     1    	b'ffec'	b'ffd9'	b'ff10'	-0.078	-0.1521	-0.936
-1817233317	 1617385437	 03004	 -56.5     2    	b'ffe7'	b'ffe0'	b'ff15'	-0.0975	-0.1248	-0.9165
-1817233296	 1617385437	 03004	 -57.0     3    	b'ffea'	b'ffdc'	b'ff14'	-0.0858	-0.1404	-0.9204
-1817233275	 1617385437	 03004	 -57.0     4    	b'fff4'	b'ffdb'	b'ff12'	-0.0468	-0.1443	-0.9282
-1817233254	 1617385437	 03004	 -57.0     5    	b'ffec'	b'ffdf'	b'ff1a'	-0.078	-0.1287	-0.897
-1817233233	 1617385437	 03004	 -56.5     6    	b'ffed'	b'ffe0'	b'ff17'	-0.0741	-0.1248	-0.9087
-1817233213	 1617385437	 03004	 -57.0     7    	b'fff5'	b'ffe0'	b'ff13'	-0.0429	-0.1248	-0.9243
-1817233192	 1617385437	 03004	 -57.0     8    	b'ffef'	b'ffdf'	b'ff17'	-0.0663	-0.1287	-0.9087
-1817233171	 1617385437	 03004	 -57.5     9    	b'ffeb'	b'ffe5'	b'ff15'	-0.0819	-0.1053	-0.9165
-1817233150	 1617385437	 03004	 -57.0     10   	b'fff7'	b'ffea'	b'ff10'	-0.0351	-0.0858	-0.936
-1817233129	 1617385437	 03004	 -56.5     11   	b'fff8'	b'ffe1'	b'fef8'	-0.0312	-0.1209	-1.0296
-1817233108	 1617385437	 03004	 -57.0     12   	b'0000'	b'ffdc'	b'fed5'	0.0  	-0.1404	-1.1661
-1817233087	 1617385437	 03004	 -56.0     13   	b'fff5'	b'ffde'	b'fed4'	-0.0429	-0.1326	-1.17
-1817233066	 1617385437	 03004	 -56.0     14   	b'ffec'	b'ffdf'	b'feee'	-0.078	-0.1287	-1.0686
-1817233046	 1617385437	 03004	 -55.5     15   	b'ffe0'	b'ffc9'	b'fef3'	-0.1248	-0.2145	-1.0491
-1817233025	 1617385437	 03004	 -55.0     16   	b'ffd8'	b'ffa8'	b'fedf'	-0.156	-0.3432	-1.1271
-1817233004	 1617385437	 03004	 -53.5     17   	b'ffd3'	b'ff8a'	b'fede'	-0.1755	-0.4602	-1.131
-1817232983	 1617385437	 03004	 -53.0     18   	b'ffd7'	b'ff79'	b'ff02'	-0.1599	-0.5265	-0.9906
-1817232962	 1617385437	 03004	 -52.0     19   	b'ffd9'	b'ff72'	b'ff30'	-0.1521	-0.5538	-0.8112
-1817232941	 1617385437	 03004	 -50.0     20   	b'ffb6'	b'ff62'	b'ff52'	-0.2886	-0.6162	-0.6786
-1817232920	 1617385437	 03004	 -49.5     21   	b'ffae'	b'ff51'	b'ff7f'	-0.3198	-0.6825	-0.5031
-1817232899	 1617385437	 03004	 -50.0     22   	b'ff9c'	b'ff4b'	b'ffab'	-0.39	-0.7059	-0.3315
-1817232879	 1617385437	 03004	 -50.0     23   	b'ff8e'	b'ff5c'	b'ffd7'	-0.4446	-0.6396	-0.1599
-1817232858	 1617385437	 03004	 -51.0     24   	b'ff94'	b'ff82'	b'0001'	-0.4212	-0.4914	0.0039
-1817232837	 1617385437	 03004	 -51.5     25   	b'ffbc'	b'ffa7'	b'000b'	-0.2652	-0.3471	0.0429
-1817232816	 1617385437	 03004	 -52.0     26   	b'ff7e'	b'ffa9'	b'004f'	-0.507	-0.3393	0.3081
-1817232795	 1617385437	 03004	 -53.0     27   	b'ffb3'	b'ffcb'	b'004e'	-0.3003	-0.2067	0.3042
-1817232753	 1617385437	 03004	 -55.0     29   	b'ff75'	b'000e'	b'00b9'	-0.5421	0.0546	0.7215
-1817232732	 1617385437	 03004	 -57.5     30   	b'ff87'	b'fff3'	b'00bc'	-0.4719	-0.0507	0.7332
-1817232712	 1617385437	 03004	 -58.5     31   	b'ffa4'	b'ffee'	b'00cf'	-0.3588	-0.0702	0.8073
-1817232691	 1617385437	 03004	 -58.0     32   	b'ffc1'	b'001f'	b'00e2'	-0.2457	0.1209	0.8814
-1817232670	 1617385437	 03004	 -58.0     33   	b'ffbe'	b'003c'	b'00e6'	-0.2574	0.234	0.897
-1817232649	 1617385437	 03004	 -58.5     34   	b'ffce'	b'002f'	b'00d6'	-0.195	0.1833	0.8346
-1817232628	 1617385437	 03004	 -59.0     35   	b'ffdb'	b'0022'	b'00bc'	-0.1443	0.1326	0.7332
-1817232607	 1617385437	 03004	 -59.0     36   	b'ffe3'	b'002f'	b'00d8'	-0.1131	0.1833	0.8424
-1817232586	 1617385438	 03004	 -58.5     37   	b'ffeb'	b'0049'	b'0106'	-0.0819	0.2847	1.0218
-1817232565	 1617385438	 03004	 -58.0     38   	b'ffec'	b'0057'	b'0110'	-0.078	0.3393	1.0608
-1817232544	 1617385438	 03004	 -58.0     39   	b'ffde'	b'003b'	b'0105'	-0.1326	0.2301	1.0179
-1817232524	 1617385438	 03004	 -57.5     40   	b'ffcd'	b'0006'	b'00df'	-0.1989	0.0234	0.8697
-1817232503	 1617385438	 03004	 -59.0     41   	b'ffd2'	b'0001'	b'00cd'	-0.1794	0.0039	0.7995
-1817232482	 1617385438	 03004	 -58.5     42   	b'ffce'	b'0010'	b'00d2'	-0.195	0.0624	0.819
-1817232461	 1617385438	 03004	 -58.0     43   	b'0013'	b'ffd5'	b'003d'	0.0741	-0.1677	0.2379
-1817232440	 1617385438	 03004	 -58.0     44   	b'ffb2'	b'002a'	b'00e5'	-0.3042	0.1638	0.8931
-1817232419	 1617385438	 03004	 -57.5     45   	b'ffbc'	b'fffc'	b'00f7'	-0.2652	-0.0156	0.9633
-1817232398	 1617385438	 03004	 -57.0     46   	b'ffd5'	b'0030'	b'0120'	-0.1677	0.1872	1.1232
-1817232377	 1617385438	 03004	 -56.0     47   	b'ffb8'	b'0005'	b'00d7'	-0.2808	0.0195	0.8385
-1817232356	 1617385438	 03004	 -56.0     48   	b'ffe5'	b'002e'	b'00d0'	-0.1053	0.1794	0.8112
-1817232336	 1617385438	 03004	 -56.0     49   	b'ffcc'	b'002c'	b'00da'	-0.2028	0.1716	0.8502
-1817232294	 1617385438	 03004	 -56.0     51   	b'ffc8'	b'0010'	b'00e0'	-0.2184	0.0624	0.8736
-1817232273	 1617385438	 03004	 -56.0     52   	b'ffc5'	b'000b'	b'00e3'	-0.2301	0.0429	0.8853
-1817232252	 1617385438	 03004	 -56.0     53   	b'ffbd'	b'0009'	b'00e5'	-0.2613	0.0351	0.8931
-1817232231	 1617385438	 03004	 -56.0     54   	b'ffc1'	b'0012'	b'00e3'	-0.2457	0.0702	0.8853
-1817232210	 1617385438	 03004	 -56.0     55   	b'ffbc'	b'0009'	b'00e5'	-0.2652	0.0351	0.8931
-1817232189	 1617385438	 03004	 -56.0     56   	b'ffa8'	b'001c'	b'0122'	-0.3432	0.1092	1.131
-1817232169	 1617385438	 03004	 -57.0     57   	b'ffc6'	b'0014'	b'00bf'	-0.2262	0.078	0.7449
-1817232148	 1617385438	 03004	 -56.5     58   	b'001e'	b'0012'	b'0067'	0.117	0.0702	0.4017
-1817232127	 1617385438	 03004	 -56.0     59   	b'0060'	b'ffd6'	b'00ca'	0.3744	-0.1638	0.7878
-1817232106	 1617385438	 03004	 -55.5     60   	b'fe9f'	b'fff0'	b'013a'	-1.3767	-0.0624	1.2246
-1817232085	 1617385438	 03004	 -55.5     61   	b'ffd5'	b'005e'	b'00eb'	-0.1677	0.3666	0.9165
-1817232064	 1617385438	 03004	 -55.5     62   	b'002c'	b'001c'	b'00dc'	0.1716	0.1092	0.858
-1817232043	 1617385438	 03004	 -55.0     63   	b'fffc'	b'0019'	b'00a1'	-0.0156	0.0975	0.6279
-1817232022	 1617385438	 03004	 -55.0     64   	b'ffff'	b'ffe4'	b'00cd'	-0.0039	-0.1092	0.7995
-1817232001	 1617385438	 03004	 -55.0     65   	b'ffc5'	b'ffe5'	b'0101'	-0.2301	-0.1053	1.0023
-1817231980	 1617385438	 03004	 -55.0     66   	b'ffea'	b'000d'	b'010f'	-0.0858	0.0507	1.0569
-1817231960	 1617385438	 03004	 -55.0     67   	b'ffe9'	b'fffd'	b'00ef'	-0.0897	-0.0117	0.9321
-1817231939	 1617385438	 03004	 -55.0     68   	b'ffb5'	b'0008'	b'00f3'	-0.2925	0.0312	0.9477
-1817231918	 1617385438	 03004	 -55.5     69   	b'ffe4'	b'0015'	b'00e6'	-0.1092	0.0819	0.897
-1817231897	 1617385438	 03004	 -55.0     70   	b'fff4'	b'0011'	b'00eb'	-0.0468	0.0663	0.9165
-1817231876	 1617385438	 03004	 -55.5     71   	b'ffeb'	b'0018'	b'00e7'	-0.0819	0.0936	0.9009
-1817231813	 1617385438	 03004	 -55.0     74   	b'ffe4'	b'0022'	b'00df'	-0.1092	0.1326	0.8697
-1817231792	 1617385438	 03004	 -55.0     75   	b'ffec'	b'0028'	b'00e0'	-0.078	0.156	0.8736
-1817231772	 1617385438	 03004	 -55.0     76   	b'fff3'	b'0022'	b'00eb'	-0.0507	0.1326	0.9165
-1817231743	 1617385438	 03004	 -55.0     77   	b'fff8'	b'001d'	b'00d7'	-0.0312	0.1131	0.8385
-1817231730	 1617385438	 03004	 -55.0     78   	b'ffff'	b'0003'	b'00f1'	-0.0039	0.0117	0.9399
-1817231709	 1617385438	 03004	 -56.0     79   	b'fff1'	b'0015'	b'00d6'	-0.0585	0.0819	0.8346
-1817231688	 1617385438	 03004	 -56.0     80   	b'0015'	b'fff2'	b'00ec'	0.0819	-0.0546	0.9204
-1817231667	 1617385438	 03004	 -55.5     81   	b'0004'	b'ffe8'	b'00ea'	0.0156	-0.0936	0.9126
-1817231646	 1617385438	 03004	 -55.0     82   	b'000a'	b'ffe8'	b'00eb'	0.039	-0.0936	0.9165
-1817231625	 1617385438	 03004	 -54.5     83   	b'fff7'	b'0002'	b'00eb'	-0.0351	0.0078	0.9165
-1817231605	 1617385438	 03004	 -54.5     84   	b'ffef'	b'000c'	b'00e7'	-0.0663	0.0468	0.9009
-1817231584	 1617385439	 03004	 -54.5     85   	b'fff3'	b'000b'	b'00eb'	-0.0507	0.0429	0.9165
-1817231563	 1617385439	 03004	 -55.0     86   	b'fff8'	b'000e'	b'00e9'	-0.0312	0.0546	0.9087
-1817231542	 1617385439	 03004	 -55.5     87   	b'fff6'	b'0012'	b'00e9'	-0.039	0.0702	0.9087
-1817231521	 1617385439	 03004	 -56.0     88   	b'fff6'	b'000e'	b'00e9'	-0.039	0.0546	0.9087
-1817231500	 1617385439	 03004	 -57.5     89   	b'fff5'	b'000b'	b'00ea'	-0.0429	0.0429	0.9126
-1817231479	 1617385439	 03004	 -58.5     90   	b'fff6'	b'000c'	b'00e9'	-0.039	0.0468	0.9087
-1817231458	 1617385439	 03004	 -59.0     91   	b'fff6'	b'000d'	b'00e6'	-0.039	0.0507	0.897
-1817231437	 1617385439	 03004	 -58.0     92   	b'fff4'	b'000e'	b'00e9'	-0.0468	0.0546	0.9087
-1817231417	 1617385439	 03004	 -59.0     93   	b'fff5'	b'000e'	b'00ea'	-0.0429	0.0546	0.9126
-1817231396	 1617385439	 03004	 -58.0     94   	b'fff6'	b'000e'	b'00e9'	-0.039	0.0546	0.9087
-1817231333	 1617385439	 03004	 -58.5     97   	b'fff6'	b'000d'	b'00e9'	-0.039	0.0507	0.9087
-1817231312	 1617385439	 03004	 -58.0     98   	b'fff6'	b'000e'	b'00ea'	-0.039	0.0546	0.9126
-1817231291	 1617385439	 03004	 -58.0     99   	b'fff6'	b'000d'	b'00e8'	-0.039	0.0507	0.9048
-1817231270	 1617385439	 03004	 -59.5     100  	b'fff5'	b'000e'	b'00ea'	-0.0429	0.0546	0.9126
-1817231250	 1617385439	 03004	 -58.5     101  	b'fff6'	b'000d'	b'00e8'	-0.039	0.0507	0.9048
-1817231229	 1617385439	 03004	 -59.0     102  	b'fff5'	b'000a'	b'00ed'	-0.0429	0.039	0.9243
-1817231208	 1617385439	 03004	 -58.5     103  	b'ffef'	b'000e'	b'00ec'	-0.0663	0.0546	0.9204
-1817231187	 1617385439	 03004	 -58.5     104  	b'fff8'	b'0015'	b'00ec'	-0.0312	0.0819	0.9204
-1817231166	 1617385439	 03004	 -58.5     105  	b'fff8'	b'000c'	b'00ed'	-0.0312	0.0468	0.9243
-1817231145	 1617385439	 03004	 -58.5     106  	b'fffe'	b'0011'	b'00e3'	-0.0078	0.0663	0.8853
-1817231124	 1617385439	 03004	 -58.5     107  	b'fffb'	b'0014'	b'00e9'	-0.0195	0.078	0.9087
-1817231103	 1617385439	 03004	 -59.5     108  	b'fff8'	b'0014'	b'00e5'	-0.0312	0.078	0.8931
-1817231083	 1617385439	 03004	 -59.5     109  	b'ffdb'	b'0003'	b'00ec'	-0.1443	0.0117	0.9204
-1817231062	 1617385439	 03004	 -58.5     110  	b'ffea'	b'0006'	b'00e6'	-0.0858	0.0234	0.897
-1817231041	 1617385439	 03004	 -59.0     111  	b'ffec'	b'0005'	b'00eb'	-0.078	0.0195	0.9165
-1817231020	 1617385439	 03004	 -58.5     112  	b'ffef'	b'0008'	b'00e7'	-0.0663	0.0312	0.9009
-1817230999	 1617385439	 03004	 -59.5     113  	b'ffee'	b'0009'	b'00ec'	-0.0702	0.0351	0.9204
-1817230978	 1617385439	 03004	 -58.5     114  	b'fff4'	b'000d'	b'00e7'	-0.0468	0.0507	0.9009
-1817230957	 1617385439	 03004	 -58.5     115  	b'fff6'	b'0011'	b'00ea'	-0.039	0.0663	0.9126
-1817230936	 1617385439	 03004	 -59.5     116  	b'fff9'	b'0011'	b'00e7'	-0.0273	0.0663	0.9009
-1817230915	 1617385439	 03004	 -58.5     117  	b'fff5'	b'000d'	b'00e9'	-0.0429	0.0507	0.9087
-1817230874	 1617385439	 03004	 -59.0     119  	b'fff5'	b'000c'	b'00e9'	-0.0429	0.0468	0.9087
-1817230853	 1617385439	 03004	 -58.0     120  	b'fff5'	b'000d'	b'00ea'	-0.0429	0.0507	0.9126
-1817230832	 1617385439	 03004	 -58.5     121  	b'fff3'	b'000f'	b'00e9'	-0.0507	0.0585	0.9087
-1817230811	 1617385439	 03004	 -58.5     122  	b'fff4'	b'000f'	b'00ea'	-0.0468	0.0585	0.9126
-1817230790	 1617385439	 03004	 -58.5     123  	b'fff8'	b'0010'	b'00e8'	-0.0312	0.0624	0.9048
-1817230769	 1617385439	 03004	 -58.0     124  	b'fff8'	b'000e'	b'00e9'	-0.0312	0.0546	0.9087
-1817230748	 1617385439	 03004	 -58.0     125  	b'fff4'	b'000f'	b'00e8'	-0.0468	0.0585	0.9048
-1817230727	 1617385439	 03004	 -58.5     126  	b'fff3'	b'000e'	b'00e9'	-0.0507	0.0546	0.9087
-1817230707	 1617385439	 03004	 -58.5     127  	b'fff4'	b'000d'	b'00e7'	-0.0468	0.0507	0.9009
-1817230686	 1617385439	 03004	 -58.0     128  	b'fff7'	b'000d'	b'00e7'	-0.0351	0.0507	0.9009
-1817230665	 1617385439	 03004	 -58.5     129  	b'fff5'	b'000d'	b'00e7'	-0.0429	0.0507	0.9009
-1817230644	 1617385439	 03004	 -58.5     130  	b'fff3'	b'000d'	b'00e9'	-0.0507	0.0507	0.9087
-1817230623	 1617385439	 03004	 -58.0     131  	b'fff3'	b'000e'	b'00e7'	-0.0507	0.0546	0.9009
-1817230602	 1617385439	 03004	 -59.5     132  	b'fff5'	b'000e'	b'00e9'	-0.0429	0.0546	0.9087
-1817230581	 1617385440	 03004	 -58.0     133  	b'fff6'	b'000f'	b'00e8'	-0.039	0.0585	0.9048
-1817230560	 1617385440	 03004	 -59.5     134  	b'fff4'	b'000f'	b'00eb'	-0.0468	0.0585	0.9165
-1817230540	 1617385440	 03004	 -58.0     135  	b'fff7'	b'0010'	b'00e8'	-0.0351	0.0624	0.9048
-1817230519	 1617385440	 03004	 -58.0     136  	b'fff5'	b'000d'	b'00eb'	-0.0429	0.0507	0.9165
-1817230498	 1617385440	 03004	 -58.0     137  	b'fff3'	b'000f'	b'00e8'	-0.0507	0.0585	0.9048
-1817230477	 1617385440	 03004	 -58.0     138  	b'fff5'	b'000c'	b'00e9'	-0.0429	0.0468	0.9087
-1817230456	 1617385440	 03004	 -58.5     139  	b'fff7'	b'000c'	b'00e7'	-0.0351	0.0468	0.9009
-1817230393	 1617385440	 03004	 -59.5     142  	b'fff6'	b'000f'	b'00e9'	-0.039	0.0585	0.9087
-1817230373	 1617385440	 03004	 -59.0     143  	b'fff7'	b'000f'	b'00e8'	-0.0351	0.0585	0.9048
-1817230352	 1617385440	 03004	 -58.0     144  	b'fff6'	b'000f'	b'00e8'	-0.039	0.0585	0.9048
-1817230331	 1617385440	 03004	 -59.5     145  	b'fff4'	b'000f'	b'00e7'	-0.0468	0.0585	0.9009
-1817230310	 1617385440	 03004	 -59.5     146  	b'fff5'	b'000d'	b'00eb'	-0.0429	0.0507	0.9165
-1817230289	 1617385440	 03004	 -58.0     147  	b'fff5'	b'000e'	b'00ea'	-0.0429	0.0546	0.9126
-1817230268	 1617385440	 03004	 -59.5     148  	b'fff8'	b'000e'	b'00e8'	-0.0312	0.0546	0.9048
-1817230247	 1617385440	 03004	 -58.0     149  	b'fff7'	b'000d'	b'00ea'	-0.0351	0.0507	0.9126
-1817230226	 1617385440	 03004	 -59.5     150  	b'fff4'	b'000f'	b'00e9'	-0.0468	0.0585	0.9087
-1817230206	 1617385440	 03004	 -59.5     151  	b'fff4'	b'000f'	b'00e9'	-0.0468	0.0585	0.9087
-1817230185	 1617385440	 03004	 -58.0     152  	b'fff5'	b'000d'	b'00e8'	-0.0429	0.0507	0.9048
-1817230164	 1617385440	 03004	 -59.5     153  	b'fff4'	b'000f'	b'00e9'	-0.0468	0.0585	0.9087
-1817230143	 1617385440	 03004	 -58.0     154  	b'fff6'	b'000e'	b'00e8'	-0.039	0.0546	0.9048
-1817230122	 1617385440	 03004	 -59.0     155  	b'fff6'	b'000a'	b'00e9'	-0.039	0.039	0.9087
-1817230101	 1617385440	 03004	 -59.5     156  	b'fff4'	b'000e'	b'00e9'	-0.0468	0.0546	0.9087
-1817230080	 1617385440	 03004	 -58.0     157  	b'fff6'	b'000d'	b'00ea'	-0.039	0.0507	0.9126
-1817230059	 1617385440	 03004	 -58.0     158  	b'fff5'	b'000c'	b'00e8'	-0.0429	0.0468	0.9048
-1817230038	 1617385440	 03004	 -58.5     159  	b'fff4'	b'0012'	b'00e9'	-0.0468	0.0702	0.9087
-1817230018	 1617385440	 03004	 -58.0     160  	b'fff6'	b'000e'	b'00ea'	-0.039	0.0546	0.9126
-1817229997	 1617385440	 03004	 -58.0     161  	b'fff5'	b'000c'	b'00e9'	-0.0429	0.0468	0.9087
-1817229976	 1617385440	 03004	 -58.0     162  	b'fff5'	b'000d'	b'00ea'	-0.0429	0.0507	0.9126
-1817229913	 1617385440	 03004	 -58.0     165  	b'fff4'	b'000f'	b'00e8'	-0.0468	0.0585	0.9048
-1817229892	 1617385440	 03004	 -58.0     166  	b'fff5'	b'000d'	b'00e9'	-0.0429	0.0507	0.9087
-1817229871	 1617385440	 03004	 -58.0     167  	b'fff4'	b'000d'	b'00ea'	-0.0468	0.0507	0.9126
-1817229851	 1617385440	 03004	 -59.0     168  	b'fff5'	b'000f'	b'00e8'	-0.0429	0.0585	0.9048
-1817229830	 1617385440	 03004	 -58.0     169  	b'fff4'	b'000e'	b'00ea'	-0.0468	0.0546	0.9126
-1817229809	 1617385440	 03004	 -59.5     170  	b'fff4'	b'000f'	b'00e9'	-0.0468	0.0585	0.9087
-1817229788	 1617385440	 03004	 -58.0     171  	b'fff5'	b'000e'	b'00e9'	-0.0429	0.0546	0.9087
-1817229767	 1617385440	 03004	 -59.5     172  	b'fff4'	b'000c'	b'00ea'	-0.0468	0.0468	0.9126
-1817229746	 1617385440	 03004	 -59.0     173  	b'fff4'	b'000c'	b'00ea'	-0.0468	0.0468	0.9126
-1817229725	 1617385440	 03004	 -58.5     174  	b'fff4'	b'000e'	b'00e9'	-0.0468	0.0546	0.9087
-1817229704	 1617385440	 03004	 -58.0     175  	b'fff8'	b'000f'	b'00ea'	-0.0312	0.0585	0.9126
-1817229684	 1617385440	 03004	 -58.0     176  	b'fff8'	b'000e'	b'00ea'	-0.0312	0.0546	0.9126
-1817229663	 1617385440	 03004	 -59.0     177  	b'fff5'	b'000e'	b'00ea'	-0.0429	0.0546	0.9126
-1817229642	 1617385440	 03004	 -58.0     178  	b'fff4'	b'000e'	b'00ea'	-0.0468	0.0546	0.9126
-1817229621	 1617385440	 03004	 -58.0     179  	b'fff5'	b'000f'	b'00e9'	-0.0429	0.0585	0.9087
-1817229600	 1617385440	 03004	 -59.0     180  	b'fff4'	b'0010'	b'00e8'	-0.0468	0.0624	0.9048
-1817229579	 1617385441	 03004	 -58.0     181  	b'fff7'	b'000e'	b'00e9'	-0.0351	0.0546	0.9087
-1817229558	 1617385441	 03004	 -59.0     182  	b'fff8'	b'000d'	b'00e8'	-0.0312	0.0507	0.9048
-1817229537	 1617385441	 03004	 -58.0     183  	b'fff4'	b'000a'	b'00eb'	-0.0468	0.039	0.9165
-1817229517	 1617385441	 03004	 -58.0     184  	b'fff5'	b'000b'	b'00ea'	-0.0429	0.0429	0.9126
-1817229496	 1617385441	 03004	 -58.5     185  	b'fff5'	b'000c'	b'00e9'	-0.0429	0.0468	0.9087
-1817229433	 1617385441	 03004	 -58.5     188  	b'fff5'	b'000d'	b'00e8'	-0.0429	0.0507	0.9048
-1817229412	 1617385441	 03004	 -58.5     189  	b'fff5'	b'000d'	b'00e9'	-0.0429	0.0507	0.9087
-1817229391	 1617385441	 03004	 -58.0     190  	b'fff5'	b'000e'	b'00eb'	-0.0429	0.0546	0.9165
-1817229370	 1617385441	 03004	 -59.0     191  	b'fff4'	b'000d'	b'00e9'	-0.0468	0.0507	0.9087
-1817229350	 1617385441	 03004	 -58.5     192  	b'fff6'	b'000d'	b'00e8'	-0.039	0.0507	0.9048
-1817229329	 1617385441	 03004	 -58.0     193  	b'fff8'	b'000c'	b'00ea'	-0.0312	0.0468	0.9126
-1817229308	 1617385441	 03004	 -58.5     194  	b'fff6'	b'000d'	b'00e9'	-0.039	0.0507	0.9087
-1817229287	 1617385441	 03004	 -58.0     195  	b'fff5'	b'000d'	b'00e9'	-0.0429	0.0507	0.9087
-1817229266	 1617385441	 03004	 -58.0     196  	b'fff3'	b'000d'	b'00e9'	-0.0507	0.0507	0.9087
-1817229245	 1617385441	 03004	 -58.0     197  	b'fff5'	b'000e'	b'00e9'	-0.0429	0.0546	0.9087
-1817229224	 1617385441	 03004	 -59.0     198  	b'fff6'	b'000e'	b'00e7'	-0.039	0.0546	0.9009
-1817229203	 1617385441	 03004	 -58.0     199  	b'fff6'	b'000c'	b'00e9'	-0.039	0.0468	0.9087
-1817229183	 1617385441	 03004	 -59.5     200  	b'fff4'	b'000e'	b'00ea'	-0.0468	0.0546	0.9126
-1817229162	 1617385441	 03004	 -58.0     201  	b'fff4'	b'000d'	b'00e8'	-0.0468	0.0507	0.9048
-1817229141	 1617385441	 03004	 -58.0     202  	b'fff4'	b'000e'	b'00ea'	-0.0468	0.0546	0.9126
-1817229120	 1617385441	 03004	 -58.5     203  	b'fff4'	b'000e'	b'00e9'	-0.0468	0.0546	0.9087
-1817229099	 1617385441	 03004	 -59.5     204  	b'fff6'	b'000d'	b'00ea'	-0.039	0.0507	0.9126
-1817229078	 1617385441	 03004	 -58.5     205  	b'fff6'	b'000e'	b'00e8'	-0.039	0.0546	0.9048
-1817229057	 1617385441	 03004	 -58.0     206  	b'fff5'	b'0010'	b'00ea'	-0.0429	0.0624	0.9126
-1817229036	 1617385441	 03004	 -59.5     207  	b'fff4'	b'000d'	b'00ea'	-0.0468	0.0507	0.9126
-1817229015	 1617385441	 03004	 -58.5     208  	b'fff6'	b'000d'	b'00e9'	-0.039	0.0507	0.9087
-1817228974	 1617385441	 03004	 -59.0     210  	b'fff5'	b'000e'	b'00e9'	-0.0429	0.0546	0.9087
-1817228953	 1617385441	 03004	 -58.5     211  	b'fff7'	b'000e'	b'00e9'	-0.0351	0.0546	0.9087
-1817228932	 1617385441	 03004	 -58.0     212  	b'fff4'	b'0010'	b'00e8'	-0.0468	0.0624	0.9048
-1817228911	 1617385441	 03004	 -58.0     213  	b'fff4'	b'000f'	b'00e9'	-0.0468	0.0585	0.9087
-1817228890	 1617385441	 03004	 -58.5     214  	b'fff5'	b'000d'	b'00eb'	-0.0429	0.0507	0.9165
-1817228869	 1617385441	 03004	 -58.5     215  	b'fff5'	b'000e'	b'00ea'	-0.0429	0.0546	0.9126
-1817228848	 1617385441	 03004	 -59.5     216  	b'fff7'	b'000e'	b'00e8'	-0.0351	0.0546	0.9048
-1817228827	 1617385441	 03004	 -58.5     217  	b'fff5'	b'000d'	b'00ea'	-0.0429	0.0507	0.9126
-1817228807	 1617385441	 03004	 -58.0     218  	b'fff6'	b'000c'	b'00e9'	-0.039	0.0468	0.9087
-1817228786	 1617385441	 03004	 -59.5     219  	b'fff5'	b'000d'	b'00ea'	-0.0429	0.0507	0.9126
-1817228765	 1617385441	 03004	 -59.5     220  	b'fff5'	b'000e'	b'00e9'	-0.0429	0.0546	0.9087
-1817228744	 1617385441	 03004	 -59.5     221  	b'fff5'	b'000d'	b'00e8'	-0.0429	0.0507	0.9048
-1817228723	 1617385441	 03004	 -59.5     222  	b'fff4'	b'000f'	b'00ea'	-0.0468	0.0585	0.9126
-1817228702	 1617385441	 03004	 -59.5     223  	b'fff7'	b'000e'	b'00ea'	-0.0351	0.0546	0.9126
-1817228681	 1617385441	 03004	 -59.5     224  	b'fff7'	b'000d'	b'00ea'	-0.0351	0.0507	0.9126
-1817228660	 1617385441	 03004	 -59.0     225  	b'fff4'	b'000e'	b'00e8'	-0.0468	0.0546	0.9048
-1817228640	 1617385441	 03004	 -58.0     226  	b'fff6'	b'000e'	b'00e8'	-0.039	0.0546	0.9048
-1817228619	 1617385441	 03004	 -58.0     227  	b'fff5'	b'000e'	b'00ea'	-0.0429	0.0546	0.9126
-1817228598	 1617385441	 03004	 -58.0     228  	b'fff5'	b'000d'	b'00ea'	-0.0429	0.0507	0.9126
-1817228577	 1617385442	 03004	 -58.0     229  	b'fff4'	b'000e'	b'00e8'	-0.0468	0.0546	0.9048
-1817228556	 1617385442	 03004	 -58.0     230  	b'fff6'	b'000e'	b'00e8'	-0.039	0.0546	0.9048
-1817228493	 1617385442	 03004	 -58.5     233  	b'fff5'	b'000e'	b'00e8'	-0.0429	0.0546	0.9048
-1817228473	 1617385442	 03004	 -58.0     234  	b'fff5'	b'000e'	b'00ea'	-0.0429	0.0546	0.9126
-1817228452	 1617385442	 03004	 -58.5     235  	b'fff5'	b'000c'	b'00e9'	-0.0429	0.0468	0.9087
-1817228431	 1617385442	 03004	 -58.5     236  	b'fff6'	b'000e'	b'00ea'	-0.039	0.0546	0.9126
-1817228410	 1617385442	 03004	 -59.5     237  	b'fff6'	b'000d'	b'00e9'	-0.039	0.0507	0.9087
-1817228389	 1617385442	 03004	 -58.5     238  	b'fff6'	b'000e'	b'00ea'	-0.039	0.0546	0.9126
-1817228368	 1617385442	 03004	 -58.0     239  	b'fff5'	b'0010'	b'00ea'	-0.0429	0.0624	0.9126
-1817228347	 1617385442	 03004	 -59.0     240  	b'fff5'	b'000f'	b'00ea'	-0.0429	0.0585	0.9126
-1817228326	 1617385442	 03004	 -58.0     241  	b'fff6'	b'000d'	b'00e9'	-0.039	0.0507	0.9087
-1817228305	 1617385442	 03004	 -59.5     242  	b'fff5'	b'000e'	b'00e9'	-0.0429	0.0546	0.9087
-1817228285	 1617385442	 03004	 -58.0     243  	b'fff6'	b'000d'	b'00e9'	-0.039	0.0507	0.9087
-1817228264	 1617385442	 03004	 -58.0     244  	b'fff4'	b'000d'	b'00e9'	-0.0468	0.0507	0.9087
-1817228243	 1617385442	 03004	 -59.0     245  	b'fff4'	b'000e'	b'00e9'	-0.0468	0.0546	0.9087
-1817228222	 1617385442	 03004	 -59.0     246  	b'fff5'	b'000e'	b'00e8'	-0.0429	0.0546	0.9048
-1817228201	 1617385442	 03004	 -58.0     247  	b'fff6'	b'000e'	b'00ea'	-0.039	0.0546	0.9126
-1817228180	 1617385442	 03004	 -59.0     248  	b'fff6'	b'000e'	b'00e8'	-0.039	0.0546	0.9048
-1817228159	 1617385442	 03004	 -59.5     249  	b'fff5'	b'000d'	b'00e9'	-0.0429	0.0507	0.9087
-1817228138	 1617385442	 03004	 -58.5     250  	b'fff6'	b'000c'	b'00ea'	-0.039	0.0468	0.9126
-1817228118	 1617385442	 03004	 -58.5     251  	b'fff5'	b'000e'	b'00e8'	-0.0429	0.0546	0.9048
-1817228097	 1617385442	 03004	 -58.0     252  	b'fff5'	b'000e'	b'00ea'	-0.0429	0.0546	0.9126
-1817228063	 1617385442	 03004	 -59.5     253  	b'fff5'	b'000c'	b'00e8'	-0.0429	0.0468	0.9048
-1817228013	 1617385442	 03004	 -59.0     0    	b'fff5'	b'000e'	b'00e8'	-0.0429	0.0546	0.9048
-1817227992	 1617385442	 03004	 -58.0     1    	b'fff6'	b'000e'	b'00e8'	-0.039	0.0546	0.9048
-1817227971	 1617385442	 03004	 -58.5     2    	b'fff5'	b'000d'	b'00e9'	-0.0429	0.0507	0.9087
-1817227950	 1617385442	 03004	 -58.0     3    	b'fff6'	b'000d'	b'00e9'	-0.039	0.0507	0.9087
-1817227930	 1617385442	 03004	 -58.5     4    	b'fff4'	b'000e'	b'00e8'	-0.0468	0.0546	0.9048
-1817227909	 1617385442	 03004	 -58.0     5    	b'fff4'	b'000d'	b'00e8'	-0.0468	0.0507	0.9048
-1817227888	 1617385442	 03004	 -58.0     6    	b'fff5'	b'000d'	b'00e9'	-0.0429	0.0507	0.9087
-1817227867	 1617385442	 03004	 -59.0     7    	b'fff5'	b'000e'	b'00e9'	-0.0429	0.0546	0.9087
-1817227846	 1617385442	 03004	 -59.5     8    	b'fff2'	b'000e'	b'00ea'	-0.0546	0.0546	0.9126
-1817227825	 1617385442	 03004	 -58.5     9    	b'fff4'	b'000e'	b'00e9'	-0.0468	0.0546	0.9087
-1817227804	 1617385442	 03004	 -58.0     10   	b'fff5'	b'000d'	b'00e9'	-0.0429	0.0507	0.9087
-1817227783	 1617385442	 03004	 -58.0     11   	b'fff7'	b'000d'	b'00e8'	-0.0351	0.0507	0.9048
-1817227763	 1617385442	 03004	 -59.5     12   	b'fff5'	b'000e'	b'00e8'	-0.0429	0.0546	0.9048
-1817227742	 1617385442	 03004	 -58.5     13   	b'fff3'	b'000e'	b'00e9'	-0.0507	0.0546	0.9087
-1817227721	 1617385442	 03004	 -59.5     14   	b'fff6'	b'000e'	b'00eb'	-0.039	0.0546	0.9165
-1817227700	 1617385442	 03004	 -58.0     15   	b'fff3'	b'000e'	b'00e8'	-0.0507	0.0546	0.9048
-1817227679	 1617385442	 03004	 -59.0     16   	b'fff6'	b'000c'	b'00e8'	-0.039	0.0468	0.9048
-1817227658	 1617385442	 03004	 -58.0     17   	b'fff5'	b'000e'	b'00eb'	-0.0429	0.0546	0.9165
-1817227637	 1617385442	 03004	 -58.0     18   	b'fff7'	b'000d'	b'00e8'	-0.0351	0.0507	0.9048
-1817227616	 1617385442	 03004	 -58.0     19   	b'fff4'	b'000c'	b'00e9'	-0.0468	0.0468	0.9087
-1817227596	 1617385442	 03004	 -58.0     20   	b'fff5'	b'000e'	b'00e9'	-0.0429	0.0546	0.9087
-1817227575	 1617385443	 03004	 -59.5     21   	b'fff4'	b'000c'	b'00e8'	-0.0468	0.0468	0.9048
-1817227533	 1617385443	 03004	 -59.0     23   	b'fff7'	b'000d'	b'00e9'	-0.0351	0.0507	0.9087
-1817227512	 1617385443	 03004	 -58.0     24   	b'fff5'	b'000c'	b'00e9'	-0.0429	0.0468	0.9087
-1817227491	 1617385443	 03004	 -58.0     25   	b'fff5'	b'000d'	b'00e8'	-0.0429	0.0507	0.9048
-1817227470	 1617385443	 03004	 -58.0     26   	b'fff5'	b'000e'	b'00e8'	-0.0429	0.0546	0.9048
-1817227449	 1617385443	 03004	 -58.0     27   	b'fff5'	b'000d'	b'00e8'	-0.0429	0.0507	0.9048
-1817227429	 1617385443	 03004	 -59.0     28   	b'fff5'	b'000d'	b'00eb'	-0.0429	0.0507	0.9165
-1817227408	 1617385443	 03004	 -58.0     29   	b'fff6'	b'000d'	b'00e8'	-0.039	0.0507	0.9048
-1817227387	 1617385443	 03004	 -58.0     30   	b'fff6'	b'000e'	b'00e9'	-0.039	0.0546	0.9087
-1817227366	 1617385443	 03004	 -58.5     31   	b'fff6'	b'000e'	b'00ea'	-0.039	0.0546	0.9126
-1817227345	 1617385443	 03004	 -59.5     32   	b'fff6'	b'000d'	b'00e8'	-0.039	0.0507	0.9048
-1817227324	 1617385443	 03004	 -58.5     33   	b'fff5'	b'000e'	b'00e8'	-0.0429	0.0546	0.9048
-1817227303	 1617385443	 03004	 -59.5     34   	b'fff6'	b'000e'	b'00e8'	-0.039	0.0546	0.9048
-1817227282	 1617385443	 03004	 -58.5     35   	b'fff6'	b'000b'	b'00ea'	-0.039	0.0429	0.9126
-1817227262	 1617385443	 03004	 -59.0     36   	b'fff5'	b'000e'	b'00eb'	-0.0429	0.0546	0.9165
-1817227241	 1617385443	 03004	 -59.0     37   	b'fff4'	b'000d'	b'00e6'	-0.0468	0.0507	0.897
-1817227220	 1617385443	 03004	 -58.0     38   	b'fff5'	b'000f'	b'00ea'	-0.0429	0.0585	0.9126
-1817227199	 1617385443	 03004	 -59.5     39   	b'fff5'	b'000e'	b'00e9'	-0.0429	0.0546	0.9087
-1817227178	 1617385443	 03004	 -58.0     40   	b'fff6'	b'000e'	b'00e9'	-0.039	0.0546	0.9087
-1817227157	 1617385443	 03004	 -58.5     41   	b'fff6'	b'000e'	b'00e8'	-0.039	0.0546	0.9048
-1817227136	 1617385443	 03004	 -58.0     42   	b'fff5'	b'000d'	b'00e9'	-0.0429	0.0507	0.9087
-1817227115	 1617385443	 03004	 -60.0     43   	b'fff7'	b'000b'	b'00e9'	-0.0351	0.0429	0.9087
-1817227094	 1617385443	 03004	 -58.5     44   	b'fff5'	b'000e'	b'00e7'	-0.0429	0.0546	0.9009
-1817227073	 1617385443	 03004	 -58.5     45   	b'fff5'	b'000e'	b'00e9'	-0.0429	0.0546	0.9087
-1817227053	 1617385443	 03004	 -59.0     46   	b'fff7'	b'000d'	b'00ea'	-0.0351	0.0507	0.9126
-1817227032	 1617385443	 03004	 -58.5     47   	b'fff5'	b'000e'	b'00e8'	-0.0429	0.0546	0.9048
-1817227011	 1617385443	 03004	 -58.5     48   	b'fff5'	b'000e'	b'00eb'	-0.0429	0.0546	0.9165
-1817226990	 1617385443	 03004	 -58.5     49   	b'fff5'	b'000d'	b'00e9'	-0.0429	0.0507	0.9087
-1817226969	 1617385443	 03004	 -59.0     50   	b'fff6'	b'000c'	b'00eb'	-0.039	0.0468	0.9165
